199811
199812
199813
199814
199815
199816
199817
199818
199819
1998110
1998111
1998112
1998113
1998114
1998115
1998116
1998117
1998118
1998119
1998120
1998121
1998122
1998123
1998124
1998125
1998126
1998127
1998128
1998129
1998130
1998131
199821
199822
199823
199824
199825
199826
199827
199828
199829
1998210
1998211
1998212
1998213
1998214
1998215
1998216
1998217
1998218
1998219
1998220
1998221
1998222
1998223
1998224
1998225
1998226
1998227
1998228
1998229
1998230
1998231
199831
199832
199833
199834
199835
199836
199837
199838
199839
1998310
1998311
1998312
1998313
1998314
1998315
1998316
1998317
1998318
1998319
1998320
1998321
1998322
1998323
1998324
1998325
1998326
1998327
1998328
1998329
1998330
1998331
199841
199842
199843
199844
199845
199846
199847
199848
199849
1998410
1998411
1998412
1998413
1998414
1998415
1998416
1998417
1998418
1998419
1998420
1998421
1998422
1998423
1998424
1998425
1998426
1998427
1998428
1998429
1998430
1998431
199851
199852
199853
199854
199855
199856
199857
199858
199859
1998510
1998511
1998512
1998513
1998514
1998515
1998516
1998517
1998518
1998519
1998520
1998521
1998522
1998523
1998524
1998525
1998526
1998527
1998528
1998529
1998530
1998531
199861
199862
199863
199864
199865
199866
199867
199868
199869
1998610
1998611
1998612
1998613
1998614
1998615
1998616
1998617
1998618
1998619
1998620
1998621
1998622
1998623
1998624
1998625
1998626
1998627
1998628
1998629
1998630
1998631
199871
199872
199873
199874
199875
199876
199877
199878
199879
1998710
1998711
1998712
1998713
1998714
1998715
1998716
1998717
1998718
1998719
1998720
1998721
1998722
1998723
1998724
1998725
1998726
1998727
1998728
1998729
1998730
1998731
199881
199882
199883
199884
199885
199886
199887
199888
199889
1998810
1998811
1998812
1998813
1998814
1998815
1998816
1998817
1998818
1998819
1998820
1998821
1998822
1998823
1998824
1998825
1998826
1998827
1998828
1998829
1998830
1998831
199891
199892
199893
199894
199895
199896
199897
199898
199899
1998910
1998911
1998912
1998913
1998914
1998915
1998916
1998917
1998918
1998919
1998920
1998921
1998922
1998923
1998924
1998925
1998926
1998927
1998928
1998929
1998930
1998931
1998101
1998102
1998103
1998104
1998105
1998106
1998107
1998108
1998109
19981010
19981011
19981012
19981013
19981014
19981015
19981016
19981017
19981018
19981019
19981020
19981021
19981022
19981023
19981024
19981025
19981026
19981027
19981028
19981029
19981030
19981031
1998111
1998112
1998113
1998114
1998115
1998116
1998117
1998118
1998119
19981110
19981111
19981112
19981113
19981114
19981115
19981116
19981117
19981118
19981119
19981120
19981121
19981122
19981123
19981124
19981125
19981126
19981127
19981128
19981129
19981130
19981131
1998121
1998122
1998123
1998124
1998125
1998126
1998127
1998128
1998129
19981210
19981211
19981212
19981213
19981214
19981215
19981216
19981217
19981218
19981219
19981220
19981221
19981222
19981223
19981224
19981225
19981226
19981227
19981228
19981229
19981230
19981231
199911
199912
199913
199914
199915
199916
199917
199918
199919
1999110
1999111
1999112
1999113
1999114
1999115
1999116
1999117
1999118
1999119
1999120
1999121
1999122
1999123
1999124
1999125
1999126
1999127
1999128
1999129
1999130
1999131
199921
199922
199923
199924
199925
199926
199927
199928
199929
1999210
1999211
1999212
1999213
1999214
1999215
1999216
1999217
1999218
1999219
1999220
1999221
1999222
1999223
1999224
1999225
1999226
1999227
1999228
1999229
1999230
1999231
199931
199932
199933
199934
199935
199936
199937
199938
199939
1999310
1999311
1999312
1999313
1999314
1999315
1999316
1999317
1999318
1999319
1999320
1999321
1999322
1999323
1999324
1999325
1999326
1999327
1999328
1999329
1999330
1999331
199941
199942
199943
199944
199945
199946
199947
199948
199949
1999410
1999411
1999412
1999413
1999414
1999415
1999416
1999417
1999418
1999419
1999420
1999421
1999422
1999423
1999424
1999425
1999426
1999427
1999428
1999429
1999430
1999431
199951
199952
199953
199954
199955
199956
199957
199958
199959
1999510
1999511
1999512
1999513
1999514
1999515
1999516
1999517
1999518
1999519
1999520
1999521
1999522
1999523
1999524
1999525
1999526
1999527
1999528
1999529
1999530
1999531
199961
199962
199963
199964
199965
199966
199967
199968
199969
1999610
1999611
1999612
1999613
1999614
1999615
1999616
1999617
1999618
1999619
1999620
1999621
1999622
1999623
1999624
1999625
1999626
1999627
1999628
1999629
1999630
1999631
199971
199972
199973
199974
199975
199976
199977
199978
199979
1999710
1999711
1999712
1999713
1999714
1999715
1999716
1999717
1999718
1999719
1999720
1999721
1999722
1999723
1999724
1999725
1999726
1999727
1999728
1999729
1999730
1999731
199981
199982
199983
199984
199985
199986
199987
199988
199989
1999810
1999811
1999812
1999813
1999814
1999815
1999816
1999817
1999818
1999819
1999820
1999821
1999822
1999823
1999824
1999825
1999826
1999827
1999828
1999829
1999830
1999831
199991
199992
199993
199994
199995
199996
199997
199998
199999
1999910
1999911
1999912
1999913
1999914
1999915
1999916
1999917
1999918
1999919
1999920
1999921
1999922
1999923
1999924
1999925
1999926
1999927
1999928
1999929
1999930
1999931
1999101
1999102
1999103
1999104
1999105
1999106
1999107
1999108
1999109
19991010
19991011
19991012
19991013
19991014
19991015
19991016
19991017
19991018
19991019
19991020
19991021
19991022
19991023
19991024
19991025
19991026
19991027
19991028
19991029
19991030
19991031
1999111
1999112
1999113
1999114
1999115
1999116
1999117
1999118
1999119
19991110
19991111
19991112
19991113
19991114
19991115
19991116
19991117
19991118
19991119
19991120
19991121
19991122
19991123
19991124
19991125
19991126
19991127
19991128
19991129
19991130
19991131
1999121
1999122
1999123
1999124
1999125
1999126
1999127
1999128
1999129
19991210
19991211
19991212
19991213
19991214
19991215
19991216
19991217
19991218
19991219
19991220
19991221
19991222
19991223
19991224
19991225
19991226
19991227
19991228
19991229
19991230
19991231
200011
200012
200013
200014
200015
200016
200017
200018
200019
2000110
2000111
2000112
2000113
2000114
2000115
2000116
2000117
2000118
2000119
2000120
2000121
2000122
2000123
2000124
2000125
2000126
2000127
2000128
2000129
2000130
2000131
200021
200022
200023
200024
200025
200026
200027
200028
200029
2000210
2000211
2000212
2000213
2000214
2000215
2000216
2000217
2000218
2000219
2000220
2000221
2000222
2000223
2000224
2000225
2000226
2000227
2000228
2000229
2000230
2000231
200031
200032
200033
200034
200035
200036
200037
200038
200039
2000310
2000311
2000312
2000313
2000314
2000315
2000316
2000317
2000318
2000319
2000320
2000321
2000322
2000323
2000324
2000325
2000326
2000327
2000328
2000329
2000330
2000331
200041
200042
200043
200044
200045
200046
200047
200048
200049
2000410
2000411
2000412
2000413
2000414
2000415
2000416
2000417
2000418
2000419
2000420
2000421
2000422
2000423
2000424
2000425
2000426
2000427
2000428
2000429
2000430
2000431
200051
200052
200053
200054
200055
200056
200057
200058
200059
2000510
2000511
2000512
2000513
2000514
2000515
2000516
2000517
2000518
2000519
2000520
2000521
2000522
2000523
2000524
2000525
2000526
2000527
2000528
2000529
2000530
2000531
200061
200062
200063
200064
200065
200066
200067
200068
200069
2000610
2000611
2000612
2000613
2000614
2000615
2000616
2000617
2000618
2000619
2000620
2000621
2000622
2000623
2000624
2000625
2000626
2000627
2000628
2000629
2000630
2000631
200071
200072
200073
200074
200075
200076
200077
200078
200079
2000710
2000711
2000712
2000713
2000714
2000715
2000716
2000717
2000718
2000719
2000720
2000721
2000722
2000723
2000724
2000725
2000726
2000727
2000728
2000729
2000730
2000731
200081
200082
200083
200084
200085
200086
200087
200088
200089
2000810
2000811
2000812
2000813
2000814
2000815
2000816
2000817
2000818
2000819
2000820
2000821
2000822
2000823
2000824
2000825
2000826
2000827
2000828
2000829
2000830
2000831
200091
200092
200093
200094
200095
200096
200097
200098
200099
2000910
2000911
2000912
2000913
2000914
2000915
2000916
2000917
2000918
2000919
2000920
2000921
2000922
2000923
2000924
2000925
2000926
2000927
2000928
2000929
2000930
2000931
2000101
2000102
2000103
2000104
2000105
2000106
2000107
2000108
2000109
20001010
20001011
20001012
20001013
20001014
20001015
20001016
20001017
20001018
20001019
20001020
20001021
20001022
20001023
20001024
20001025
20001026
20001027
20001028
20001029
20001030
20001031
2000111
2000112
2000113
2000114
2000115
2000116
2000117
2000118
2000119
20001110
20001111
20001112
20001113
20001114
20001115
20001116
20001117
20001118
20001119
20001120
20001121
20001122
20001123
20001124
20001125
20001126
20001127
20001128
20001129
20001130
20001131
2000121
2000122
2000123
2000124
2000125
2000126
2000127
2000128
2000129
20001210
20001211
20001212
20001213
20001214
20001215
20001216
20001217
20001218
20001219
20001220
20001221
20001222
20001223
20001224
20001225
20001226
20001227
20001228
20001229
20001230
20001231
200111
200112
200113
200114
200115
200116
200117
200118
200119
2001110
2001111
2001112
2001113
2001114
2001115
2001116
2001117
2001118
2001119
2001120
2001121
2001122
2001123
2001124
2001125
2001126
2001127
2001128
2001129
2001130
2001131
200121
200122
200123
200124
200125
200126
200127
200128
200129
2001210
2001211
2001212
2001213
2001214
2001215
2001216
2001217
2001218
2001219
2001220
2001221
2001222
2001223
2001224
2001225
2001226
2001227
2001228
2001229
2001230
2001231
200131
200132
200133
200134
200135
200136
200137
200138
200139
2001310
2001311
2001312
2001313
2001314
2001315
2001316
2001317
2001318
2001319
2001320
2001321
2001322
2001323
2001324
2001325
2001326
2001327
2001328
2001329
2001330
2001331
200141
200142
200143
200144
200145
200146
200147
200148
200149
2001410
2001411
2001412
2001413
2001414
2001415
2001416
2001417
2001418
2001419
2001420
2001421
2001422
2001423
2001424
2001425
2001426
2001427
2001428
2001429
2001430
2001431
200151
200152
200153
200154
200155
200156
200157
200158
200159
2001510
2001511
2001512
2001513
2001514
2001515
2001516
2001517
2001518
2001519
2001520
2001521
2001522
2001523
2001524
2001525
2001526
2001527
2001528
2001529
2001530
2001531
200161
200162
200163
200164
200165
200166
200167
200168
200169
2001610
2001611
2001612
2001613
2001614
2001615
2001616
2001617
2001618
2001619
2001620
2001621
2001622
2001623
2001624
2001625
2001626
2001627
2001628
2001629
2001630
2001631
200171
200172
200173
200174
200175
200176
200177
200178
200179
2001710
2001711
2001712
2001713
2001714
2001715
2001716
2001717
2001718
2001719
2001720
2001721
2001722
2001723
2001724
2001725
2001726
2001727
2001728
2001729
2001730
2001731
200181
200182
200183
200184
200185
200186
200187
200188
200189
2001810
2001811
2001812
2001813
2001814
2001815
2001816
2001817
2001818
2001819
2001820
2001821
2001822
2001823
2001824
2001825
2001826
2001827
2001828
2001829
2001830
2001831
200191
200192
200193
200194
200195
200196
200197
200198
200199
2001910
2001911
2001912
2001913
2001914
2001915
2001916
2001917
2001918
2001919
2001920
2001921
2001922
2001923
2001924
2001925
2001926
2001927
2001928
2001929
2001930
2001931
2001101
2001102
2001103
2001104
2001105
2001106
2001107
2001108
2001109
20011010
20011011
20011012
20011013
20011014
20011015
20011016
20011017
20011018
20011019
20011020
20011021
20011022
20011023
20011024
20011025
20011026
20011027
20011028
20011029
20011030
20011031
2001111
2001112
2001113
2001114
2001115
2001116
2001117
2001118
2001119
20011110
20011111
20011112
20011113
20011114
20011115
20011116
20011117
20011118
20011119
20011120
20011121
20011122
20011123
20011124
20011125
20011126
20011127
20011128
20011129
20011130
20011131
2001121
2001122
2001123
2001124
2001125
2001126
2001127
2001128
2001129
20011210
20011211
20011212
20011213
20011214
20011215
20011216
20011217
20011218
20011219
20011220
20011221
20011222
20011223
20011224
20011225
20011226
20011227
20011228
20011229
20011230
20011231
200211
200212
200213
200214
200215
200216
200217
200218
200219
2002110
2002111
2002112
2002113
2002114
2002115
2002116
2002117
2002118
2002119
2002120
2002121
2002122
2002123
2002124
2002125
2002126
2002127
2002128
2002129
2002130
2002131
200221
200222
200223
200224
200225
200226
200227
200228
200229
2002210
2002211
2002212
2002213
2002214
2002215
2002216
2002217
2002218
2002219
2002220
2002221
2002222
2002223
2002224
2002225
2002226
2002227
2002228
2002229
2002230
2002231
200231
200232
200233
200234
200235
200236
200237
200238
200239
2002310
2002311
2002312
2002313
2002314
2002315
2002316
2002317
2002318
2002319
2002320
2002321
2002322
2002323
2002324
2002325
2002326
2002327
2002328
2002329
2002330
2002331
200241
200242
200243
200244
200245
200246
200247
200248
200249
2002410
2002411
2002412
2002413
2002414
2002415
2002416
2002417
2002418
2002419
2002420
2002421
2002422
2002423
2002424
2002425
2002426
2002427
2002428
2002429
2002430
2002431
200251
200252
200253
200254
200255
200256
200257
200258
200259
2002510
2002511
2002512
2002513
2002514
2002515
2002516
2002517
2002518
2002519
2002520
2002521
2002522
2002523
2002524
2002525
2002526
2002527
2002528
2002529
2002530
2002531
200261
200262
200263
200264
200265
200266
200267
200268
200269
2002610
2002611
2002612
2002613
2002614
2002615
2002616
2002617
2002618
2002619
2002620
2002621
2002622
2002623
2002624
2002625
2002626
2002627
2002628
2002629
2002630
2002631
200271
200272
200273
200274
200275
200276
200277
200278
200279
2002710
2002711
2002712
2002713
2002714
2002715
2002716
2002717
2002718
2002719
2002720
2002721
2002722
2002723
2002724
2002725
2002726
2002727
2002728
2002729
2002730
2002731
200281
200282
200283
200284
200285
200286
200287
200288
200289
2002810
2002811
2002812
2002813
2002814
2002815
2002816
2002817
2002818
2002819
2002820
2002821
2002822
2002823
2002824
2002825
2002826
2002827
2002828
2002829
2002830
2002831
200291
200292
200293
200294
200295
200296
200297
200298
200299
2002910
2002911
2002912
2002913
2002914
2002915
2002916
2002917
2002918
2002919
2002920
2002921
2002922
2002923
2002924
2002925
2002926
2002927
2002928
2002929
2002930
2002931
2002101
2002102
2002103
2002104
2002105
2002106
2002107
2002108
2002109
20021010
20021011
20021012
20021013
20021014
20021015
20021016
20021017
20021018
20021019
20021020
20021021
20021022
20021023
20021024
20021025
20021026
20021027
20021028
20021029
20021030
20021031
2002111
2002112
2002113
2002114
2002115
2002116
2002117
2002118
2002119
20021110
20021111
20021112
20021113
20021114
20021115
20021116
20021117
20021118
20021119
20021120
20021121
20021122
20021123
20021124
20021125
20021126
20021127
20021128
20021129
20021130
20021131
2002121
2002122
2002123
2002124
2002125
2002126
2002127
2002128
2002129
20021210
20021211
20021212
20021213
20021214
20021215
20021216
20021217
20021218
20021219
20021220
20021221
20021222
20021223
20021224
20021225
20021226
20021227
20021228
20021229
20021230
20021231
200311
200312
200313
200314
200315
200316
200317
200318
200319
2003110
2003111
2003112
2003113
2003114
2003115
2003116
2003117
2003118
2003119
2003120
2003121
2003122
2003123
2003124
2003125
2003126
2003127
2003128
2003129
2003130
2003131
200321
200322
200323
200324
200325
200326
200327
200328
200329
2003210
2003211
2003212
2003213
2003214
2003215
2003216
2003217
2003218
2003219
2003220
2003221
2003222
2003223
2003224
2003225
2003226
2003227
2003228
2003229
2003230
2003231
200331
200332
200333
200334
200335
200336
200337
200338
200339
2003310
2003311
2003312
2003313
2003314
2003315
2003316
2003317
2003318
2003319
2003320
2003321
2003322
2003323
2003324
2003325
2003326
2003327
2003328
2003329
2003330
2003331
200341
200342
200343
200344
200345
200346
200347
200348
200349
2003410
2003411
2003412
2003413
2003414
2003415
2003416
2003417
2003418
2003419
2003420
2003421
2003422
2003423
2003424
2003425
2003426
2003427
2003428
2003429
2003430
2003431
200351
200352
200353
200354
200355
200356
200357
200358
200359
2003510
2003511
2003512
2003513
2003514
2003515
2003516
2003517
2003518
2003519
2003520
2003521
2003522
2003523
2003524
2003525
2003526
2003527
2003528
2003529
2003530
2003531
200361
200362
200363
200364
200365
200366
200367
200368
200369
2003610
2003611
2003612
2003613
2003614
2003615
2003616
2003617
2003618
2003619
2003620
2003621
2003622
2003623
2003624
2003625
2003626
2003627
2003628
2003629
2003630
2003631
200371
200372
200373
200374
200375
200376
200377
200378
200379
2003710
2003711
2003712
2003713
2003714
2003715
2003716
2003717
2003718
2003719
2003720
2003721
2003722
2003723
2003724
2003725
2003726
2003727
2003728
2003729
2003730
2003731
200381
200382
200383
200384
200385
200386
200387
200388
200389
2003810
2003811
2003812
2003813
2003814
2003815
2003816
2003817
2003818
2003819
2003820
2003821
2003822
2003823
2003824
2003825
2003826
2003827
2003828
2003829
2003830
2003831
200391
200392
200393
200394
200395
200396
200397
200398
200399
2003910
2003911
2003912
2003913
2003914
2003915
2003916
2003917
2003918
2003919
2003920
2003921
2003922
2003923
2003924
2003925
2003926
2003927
2003928
2003929
2003930
2003931
2003101
2003102
2003103
2003104
2003105
2003106
2003107
2003108
2003109
20031010
20031011
20031012
20031013
20031014
20031015
20031016
20031017
20031018
20031019
20031020
20031021
20031022
20031023
20031024
20031025
20031026
20031027
20031028
20031029
20031030
20031031
2003111
2003112
2003113
2003114
2003115
2003116
2003117
2003118
2003119
20031110
20031111
20031112
20031113
20031114
20031115
20031116
20031117
20031118
20031119
20031120
20031121
20031122
20031123
20031124
20031125
20031126
20031127
20031128
20031129
20031130
20031131
2003121
2003122
2003123
2003124
2003125
2003126
2003127
2003128
2003129
20031210
20031211
20031212
20031213
20031214
20031215
20031216
20031217
20031218
20031219
20031220
20031221
20031222
20031223
20031224
20031225
20031226
20031227
20031228
20031229
20031230
20031231
200411
200412
200413
200414
200415
200416
200417
200418
200419
2004110
2004111
2004112
2004113
2004114
2004115
2004116
2004117
2004118
2004119
2004120
2004121
2004122
2004123
2004124
2004125
2004126
2004127
2004128
2004129
2004130
2004131
200421
200422
200423
200424
200425
200426
200427
200428
200429
2004210
2004211
2004212
2004213
2004214
2004215
2004216
2004217
2004218
2004219
2004220
2004221
2004222
2004223
2004224
2004225
2004226
2004227
2004228
2004229
2004230
2004231
200431
200432
200433
200434
200435
200436
200437
200438
200439
2004310
2004311
2004312
2004313
2004314
2004315
2004316
2004317
2004318
2004319
2004320
2004321
2004322
2004323
2004324
2004325
2004326
2004327
2004328
2004329
2004330
2004331
200441
200442
200443
200444
200445
200446
200447
200448
200449
2004410
2004411
2004412
2004413
2004414
2004415
2004416
2004417
2004418
2004419
2004420
2004421
2004422
2004423
2004424
2004425
2004426
2004427
2004428
2004429
2004430
2004431
200451
200452
200453
200454
200455
200456
200457
200458
200459
2004510
2004511
2004512
2004513
2004514
2004515
2004516
2004517
2004518
2004519
2004520
2004521
2004522
2004523
2004524
2004525
2004526
2004527
2004528
2004529
2004530
2004531
200461
200462
200463
200464
200465
200466
200467
200468
200469
2004610
2004611
2004612
2004613
2004614
2004615
2004616
2004617
2004618
2004619
2004620
2004621
2004622
2004623
2004624
2004625
2004626
2004627
2004628
2004629
2004630
2004631
200471
200472
200473
200474
200475
200476
200477
200478
200479
2004710
2004711
2004712
2004713
2004714
2004715
2004716
2004717
2004718
2004719
2004720
2004721
2004722
2004723
2004724
2004725
2004726
2004727
2004728
2004729
2004730
2004731
200481
200482
200483
200484
200485
200486
200487
200488
200489
2004810
2004811
2004812
2004813
2004814
2004815
2004816
2004817
2004818
2004819
2004820
2004821
2004822
2004823
2004824
2004825
2004826
2004827
2004828
2004829
2004830
2004831
200491
200492
200493
200494
200495
200496
200497
200498
200499
2004910
2004911
2004912
2004913
2004914
2004915
2004916
2004917
2004918
2004919
2004920
2004921
2004922
2004923
2004924
2004925
2004926
2004927
2004928
2004929
2004930
2004931
2004101
2004102
2004103
2004104
2004105
2004106
2004107
2004108
2004109
20041010
20041011
20041012
20041013
20041014
20041015
20041016
20041017
20041018
20041019
20041020
20041021
20041022
20041023
20041024
20041025
20041026
20041027
20041028
20041029
20041030
20041031
2004111
2004112
2004113
2004114
2004115
2004116
2004117
2004118
2004119
20041110
20041111
20041112
20041113
20041114
20041115
20041116
20041117
20041118
20041119
20041120
20041121
20041122
20041123
20041124
20041125
20041126
20041127
20041128
20041129
20041130
20041131
2004121
2004122
2004123
2004124
2004125
2004126
2004127
2004128
2004129
20041210
20041211
20041212
20041213
20041214
20041215
20041216
20041217
20041218
20041219
20041220
20041221
20041222
20041223
20041224
20041225
20041226
20041227
20041228
20041229
20041230
20041231
200511
200512
200513
200514
200515
200516
200517
200518
200519
2005110
2005111
2005112
2005113
2005114
2005115
2005116
2005117
2005118
2005119
2005120
2005121
2005122
2005123
2005124
2005125
2005126
2005127
2005128
2005129
2005130
2005131
200521
200522
200523
200524
200525
200526
200527
200528
200529
2005210
2005211
2005212
2005213
2005214
2005215
2005216
2005217
2005218
2005219
2005220
2005221
2005222
2005223
2005224
2005225
2005226
2005227
2005228
2005229
2005230
2005231
200531
200532
200533
200534
200535
200536
200537
200538
200539
2005310
2005311
2005312
2005313
2005314
2005315
2005316
2005317
2005318
2005319
2005320
2005321
2005322
2005323
2005324
2005325
2005326
2005327
2005328
2005329
2005330
2005331
200541
200542
200543
200544
200545
200546
200547
200548
200549
2005410
2005411
2005412
2005413
2005414
2005415
2005416
2005417
2005418
2005419
2005420
2005421
2005422
2005423
2005424
2005425
2005426
2005427
2005428
2005429
2005430
2005431
200551
200552
200553
200554
200555
200556
200557
200558
200559
2005510
2005511
2005512
2005513
2005514
2005515
2005516
2005517
2005518
2005519
2005520
2005521
2005522
2005523
2005524
2005525
2005526
2005527
2005528
2005529
2005530
2005531
200561
200562
200563
200564
200565
200566
200567
200568
200569
2005610
2005611
2005612
2005613
2005614
2005615
2005616
2005617
2005618
2005619
2005620
2005621
2005622
2005623
2005624
2005625
2005626
2005627
2005628
2005629
2005630
2005631
200571
200572
200573
200574
200575
200576
200577
200578
200579
2005710
2005711
2005712
2005713
2005714
2005715
2005716
2005717
2005718
2005719
2005720
2005721
2005722
2005723
2005724
2005725
2005726
2005727
2005728
2005729
2005730
2005731
200581
200582
200583
200584
200585
200586
200587
200588
200589
2005810
2005811
2005812
2005813
2005814
2005815
2005816
2005817
2005818
2005819
2005820
2005821
2005822
2005823
2005824
2005825
2005826
2005827
2005828
2005829
2005830
2005831
200591
200592
200593
200594
200595
200596
200597
200598
200599
2005910
2005911
2005912
2005913
2005914
2005915
2005916
2005917
2005918
2005919
2005920
2005921
2005922
2005923
2005924
2005925
2005926
2005927
2005928
2005929
2005930
2005931
2005101
2005102
2005103
2005104
2005105
2005106
2005107
2005108
2005109
20051010
20051011
20051012
20051013
20051014
20051015
20051016
20051017
20051018
20051019
20051020
20051021
20051022
20051023
20051024
20051025
20051026
20051027
20051028
20051029
20051030
20051031
2005111
2005112
2005113
2005114
2005115
2005116
2005117
2005118
2005119
20051110
20051111
20051112
20051113
20051114
20051115
20051116
20051117
20051118
20051119
20051120
20051121
20051122
20051123
20051124
20051125
20051126
20051127
20051128
20051129
20051130
20051131
2005121
2005122
2005123
2005124
2005125
2005126
2005127
2005128
2005129
20051210
20051211
20051212
20051213
20051214
20051215
20051216
20051217
20051218
20051219
20051220
20051221
20051222
20051223
20051224
20051225
20051226
20051227
20051228
20051229
20051230
20051231
200611
200612
200613
200614
200615
200616
200617
200618
200619
2006110
2006111
2006112
2006113
2006114
2006115
2006116
2006117
2006118
2006119
2006120
2006121
2006122
2006123
2006124
2006125
2006126
2006127
2006128
2006129
2006130
2006131
200621
200622
200623
200624
200625
200626
200627
200628
200629
2006210
2006211
2006212
2006213
2006214
2006215
2006216
2006217
2006218
2006219
2006220
2006221
2006222
2006223
2006224
2006225
2006226
2006227
2006228
2006229
2006230
2006231
200631
200632
200633
200634
200635
200636
200637
200638
200639
2006310
2006311
2006312
2006313
2006314
2006315
2006316
2006317
2006318
2006319
2006320
2006321
2006322
2006323
2006324
2006325
2006326
2006327
2006328
2006329
2006330
2006331
200641
200642
200643
200644
200645
200646
200647
200648
200649
2006410
2006411
2006412
2006413
2006414
2006415
2006416
2006417
2006418
2006419
2006420
2006421
2006422
2006423
2006424
2006425
2006426
2006427
2006428
2006429
2006430
2006431
200651
200652
200653
200654
200655
200656
200657
200658
200659
2006510
2006511
2006512
2006513
2006514
2006515
2006516
2006517
2006518
2006519
2006520
2006521
2006522
2006523
2006524
2006525
2006526
2006527
2006528
2006529
2006530
2006531
200661
200662
200663
200664
200665
200666
200667
200668
200669
2006610
2006611
2006612
2006613
2006614
2006615
2006616
2006617
2006618
2006619
2006620
2006621
2006622
2006623
2006624
2006625
2006626
2006627
2006628
2006629
2006630
2006631
200671
200672
200673
200674
200675
200676
200677
200678
200679
2006710
2006711
2006712
2006713
2006714
2006715
2006716
2006717
2006718
2006719
2006720
2006721
2006722
2006723
2006724
2006725
2006726
2006727
2006728
2006729
2006730
2006731
200681
200682
200683
200684
200685
200686
200687
200688
200689
2006810
2006811
2006812
2006813
2006814
2006815
2006816
2006817
2006818
2006819
2006820
2006821
2006822
2006823
2006824
2006825
2006826
2006827
2006828
2006829
2006830
2006831
200691
200692
200693
200694
200695
200696
200697
200698
200699
2006910
2006911
2006912
2006913
2006914
2006915
2006916
2006917
2006918
2006919
2006920
2006921
2006922
2006923
2006924
2006925
2006926
2006927
2006928
2006929
2006930
2006931
2006101
2006102
2006103
2006104
2006105
2006106
2006107
2006108
2006109
20061010
20061011
20061012
20061013
20061014
20061015
20061016
20061017
20061018
20061019
20061020
20061021
20061022
20061023
20061024
20061025
20061026
20061027
20061028
20061029
20061030
20061031
2006111
2006112
2006113
2006114
2006115
2006116
2006117
2006118
2006119
20061110
20061111
20061112
20061113
20061114
20061115
20061116
20061117
20061118
20061119
20061120
20061121
20061122
20061123
20061124
20061125
20061126
20061127
20061128
20061129
20061130
20061131
2006121
2006122
2006123
2006124
2006125
2006126
2006127
2006128
2006129
20061210
20061211
20061212
20061213
20061214
20061215
20061216
20061217
20061218
20061219
20061220
20061221
20061222
20061223
20061224
20061225
20061226
20061227
20061228
20061229
20061230
20061231
200711
200712
200713
200714
200715
200716
200717
200718
200719
2007110
2007111
2007112
2007113
2007114
2007115
2007116
2007117
2007118
2007119
2007120
2007121
2007122
2007123
2007124
2007125
2007126
2007127
2007128
2007129
2007130
2007131
200721
200722
200723
200724
200725
200726
200727
200728
200729
2007210
2007211
2007212
2007213
2007214
2007215
2007216
2007217
2007218
2007219
2007220
2007221
2007222
2007223
2007224
2007225
2007226
2007227
2007228
2007229
2007230
2007231
200731
200732
200733
200734
200735
200736
200737
200738
200739
2007310
2007311
2007312
2007313
2007314
2007315
2007316
2007317
2007318
2007319
2007320
2007321
2007322
2007323
2007324
2007325
2007326
2007327
2007328
2007329
2007330
2007331
200741
200742
200743
200744
200745
200746
200747
200748
200749
2007410
2007411
2007412
2007413
2007414
2007415
2007416
2007417
2007418
2007419
2007420
2007421
2007422
2007423
2007424
2007425
2007426
2007427
2007428
2007429
2007430
2007431
200751
200752
200753
200754
200755
200756
200757
200758
200759
2007510
2007511
2007512
2007513
2007514
2007515
2007516
2007517
2007518
2007519
2007520
2007521
2007522
2007523
2007524
2007525
2007526
2007527
2007528
2007529
2007530
2007531
200761
200762
200763
200764
200765
200766
200767
200768
200769
2007610
2007611
2007612
2007613
2007614
2007615
2007616
2007617
2007618
2007619
2007620
2007621
2007622
2007623
2007624
2007625
2007626
2007627
2007628
2007629
2007630
2007631
200771
200772
200773
200774
200775
200776
200777
200778
200779
2007710
2007711
2007712
2007713
2007714
2007715
2007716
2007717
2007718
2007719
2007720
2007721
2007722
2007723
2007724
2007725
2007726
2007727
2007728
2007729
2007730
2007731
200781
200782
200783
200784
200785
200786
200787
200788
200789
2007810
2007811
2007812
2007813
2007814
2007815
2007816
2007817
2007818
2007819
2007820
2007821
2007822
2007823
2007824
2007825
2007826
2007827
2007828
2007829
2007830
2007831
200791
200792
200793
200794
200795
200796
200797
200798
200799
2007910
2007911
2007912
2007913
2007914
2007915
2007916
2007917
2007918
2007919
2007920
2007921
2007922
2007923
2007924
2007925
2007926
2007927
2007928
2007929
2007930
2007931
2007101
2007102
2007103
2007104
2007105
2007106
2007107
2007108
2007109
20071010
20071011
20071012
20071013
20071014
20071015
20071016
20071017
20071018
20071019
20071020
20071021
20071022
20071023
20071024
20071025
20071026
20071027
20071028
20071029
20071030
20071031
2007111
2007112
2007113
2007114
2007115
2007116
2007117
2007118
2007119
20071110
20071111
20071112
20071113
20071114
20071115
20071116
20071117
20071118
20071119
20071120
20071121
20071122
20071123
20071124
20071125
20071126
20071127
20071128
20071129
20071130
20071131
2007121
2007122
2007123
2007124
2007125
2007126
2007127
2007128
2007129
20071210
20071211
20071212
20071213
20071214
20071215
20071216
20071217
20071218
20071219
20071220
20071221
20071222
20071223
20071224
20071225
20071226
20071227
20071228
20071229
20071230
20071231
200811
200812
200813
200814
200815
200816
200817
200818
200819
2008110
2008111
2008112
2008113
2008114
2008115
2008116
2008117
2008118
2008119
2008120
2008121
2008122
2008123
2008124
2008125
2008126
2008127
2008128
2008129
2008130
2008131
200821
200822
200823
200824
200825
200826
200827
200828
200829
2008210
2008211
2008212
2008213
2008214
2008215
2008216
2008217
2008218
2008219
2008220
2008221
2008222
2008223
2008224
2008225
2008226
2008227
2008228
2008229
2008230
2008231
200831
200832
200833
200834
200835
200836
200837
200838
200839
2008310
2008311
2008312
2008313
2008314
2008315
2008316
2008317
2008318
2008319
2008320
2008321
2008322
2008323
2008324
2008325
2008326
2008327
2008328
2008329
2008330
2008331
200841
200842
200843
200844
200845
200846
200847
200848
200849
2008410
2008411
2008412
2008413
2008414
2008415
2008416
2008417
2008418
2008419
2008420
2008421
2008422
2008423
2008424
2008425
2008426
2008427
2008428
2008429
2008430
2008431
200851
200852
200853
200854
200855
200856
200857
200858
200859
2008510
2008511
2008512
2008513
2008514
2008515
2008516
2008517
2008518
2008519
2008520
2008521
2008522
2008523
2008524
2008525
2008526
2008527
2008528
2008529
2008530
2008531
200861
200862
200863
200864
200865
200866
200867
200868
200869
2008610
2008611
2008612
2008613
2008614
2008615
2008616
2008617
2008618
2008619
2008620
2008621
2008622
2008623
2008624
2008625
2008626
2008627
2008628
2008629
2008630
2008631
200871
200872
200873
200874
200875
200876
200877
200878
200879
2008710
2008711
2008712
2008713
2008714
2008715
2008716
2008717
2008718
2008719
2008720
2008721
2008722
2008723
2008724
2008725
2008726
2008727
2008728
2008729
2008730
2008731
200881
200882
200883
200884
200885
200886
200887
200888
200889
2008810
2008811
2008812
2008813
2008814
2008815
2008816
2008817
2008818
2008819
2008820
2008821
2008822
2008823
2008824
2008825
2008826
2008827
2008828
2008829
2008830
2008831
200891
200892
200893
200894
200895
200896
200897
200898
200899
2008910
2008911
2008912
2008913
2008914
2008915
2008916
2008917
2008918
2008919
2008920
2008921
2008922
2008923
2008924
2008925
2008926
2008927
2008928
2008929
2008930
2008931
2008101
2008102
2008103
2008104
2008105
2008106
2008107
2008108
2008109
20081010
20081011
20081012
20081013
20081014
20081015
20081016
20081017
20081018
20081019
20081020
20081021
20081022
20081023
20081024
20081025
20081026
20081027
20081028
20081029
20081030
20081031
2008111
2008112
2008113
2008114
2008115
2008116
2008117
2008118
2008119
20081110
20081111
20081112
20081113
20081114
20081115
20081116
20081117
20081118
20081119
20081120
20081121
20081122
20081123
20081124
20081125
20081126
20081127
20081128
20081129
20081130
20081131
2008121
2008122
2008123
2008124
2008125
2008126
2008127
2008128
2008129
20081210
20081211
20081212
20081213
20081214
20081215
20081216
20081217
20081218
20081219
20081220
20081221
20081222
20081223
20081224
20081225
20081226
20081227
20081228
20081229
20081230
20081231
200911
200912
200913
200914
200915
200916
200917
200918
200919
2009110
2009111
2009112
2009113
2009114
2009115
2009116
2009117
2009118
2009119
2009120
2009121
2009122
2009123
2009124
2009125
2009126
2009127
2009128
2009129
2009130
2009131
200921
200922
200923
200924
200925
200926
200927
200928
200929
2009210
2009211
2009212
2009213
2009214
2009215
2009216
2009217
2009218
2009219
2009220
2009221
2009222
2009223
2009224
2009225
2009226
2009227
2009228
2009229
2009230
2009231
200931
200932
200933
200934
200935
200936
200937
200938
200939
2009310
2009311
2009312
2009313
2009314
2009315
2009316
2009317
2009318
2009319
2009320
2009321
2009322
2009323
2009324
2009325
2009326
2009327
2009328
2009329
2009330
2009331
200941
200942
200943
200944
200945
200946
200947
200948
200949
2009410
2009411
2009412
2009413
2009414
2009415
2009416
2009417
2009418
2009419
2009420
2009421
2009422
2009423
2009424
2009425
2009426
2009427
2009428
2009429
2009430
2009431
200951
200952
200953
200954
200955
200956
200957
200958
200959
2009510
2009511
2009512
2009513
2009514
2009515
2009516
2009517
2009518
2009519
2009520
2009521
2009522
2009523
2009524
2009525
2009526
2009527
2009528
2009529
2009530
2009531
200961
200962
200963
200964
200965
200966
200967
200968
200969
2009610
2009611
2009612
2009613
2009614
2009615
2009616
2009617
2009618
2009619
2009620
2009621
2009622
2009623
2009624
2009625
2009626
2009627
2009628
2009629
2009630
2009631
200971
200972
200973
200974
200975
200976
200977
200978
200979
2009710
2009711
2009712
2009713
2009714
2009715
2009716
2009717
2009718
2009719
2009720
2009721
2009722
2009723
2009724
2009725
2009726
2009727
2009728
2009729
2009730
2009731
200981
200982
200983
200984
200985
200986
200987
200988
200989
2009810
2009811
2009812
2009813
2009814
2009815
2009816
2009817
2009818
2009819
2009820
2009821
2009822
2009823
2009824
2009825
2009826
2009827
2009828
2009829
2009830
2009831
200991
200992
200993
200994
200995
200996
200997
200998
200999
2009910
2009911
2009912
2009913
2009914
2009915
2009916
2009917
2009918
2009919
2009920
2009921
2009922
2009923
2009924
2009925
2009926
2009927
2009928
2009929
2009930
2009931
2009101
2009102
2009103
2009104
2009105
2009106
2009107
2009108
2009109
20091010
20091011
20091012
20091013
20091014
20091015
20091016
20091017
20091018
20091019
20091020
20091021
20091022
20091023
20091024
20091025
20091026
20091027
20091028
20091029
20091030
20091031
2009111
2009112
2009113
2009114
2009115
2009116
2009117
2009118
2009119
20091110
20091111
20091112
20091113
20091114
20091115
20091116
20091117
20091118
20091119
20091120
20091121
20091122
20091123
20091124
20091125
20091126
20091127
20091128
20091129
20091130
20091131
2009121
2009122
2009123
2009124
2009125
2009126
2009127
2009128
2009129
20091210
20091211
20091212
20091213
20091214
20091215
20091216
20091217
20091218
20091219
20091220
20091221
20091222
20091223
20091224
20091225
20091226
20091227
20091228
20091229
20091230
20091231
201011
201012
201013
201014
201015
201016
201017
201018
201019
2010110
2010111
2010112
2010113
2010114
2010115
2010116
2010117
2010118
2010119
2010120
2010121
2010122
2010123
2010124
2010125
2010126
2010127
2010128
2010129
2010130
2010131
201021
201022
201023
201024
201025
201026
201027
201028
201029
2010210
2010211
2010212
2010213
2010214
2010215
2010216
2010217
2010218
2010219
2010220
2010221
2010222
2010223
2010224
2010225
2010226
2010227
2010228
2010229
2010230
2010231
201031
201032
201033
201034
201035
201036
201037
201038
201039
2010310
2010311
2010312
2010313
2010314
2010315
2010316
2010317
2010318
2010319
2010320
2010321
2010322
2010323
2010324
2010325
2010326
2010327
2010328
2010329
2010330
2010331
201041
201042
201043
201044
201045
201046
201047
201048
201049
2010410
2010411
2010412
2010413
2010414
2010415
2010416
2010417
2010418
2010419
2010420
2010421
2010422
2010423
2010424
2010425
2010426
2010427
2010428
2010429
2010430
2010431
201051
201052
201053
201054
201055
201056
201057
201058
201059
2010510
2010511
2010512
2010513
2010514
2010515
2010516
2010517
2010518
2010519
2010520
2010521
2010522
2010523
2010524
2010525
2010526
2010527
2010528
2010529
2010530
2010531
201061
201062
201063
201064
201065
201066
201067
201068
201069
2010610
2010611
2010612
2010613
2010614
2010615
2010616
2010617
2010618
2010619
2010620
2010621
2010622
2010623
2010624
2010625
2010626
2010627
2010628
2010629
2010630
2010631
201071
201072
201073
201074
201075
201076
201077
201078
201079
2010710
2010711
2010712
2010713
2010714
2010715
2010716
2010717
2010718
2010719
2010720
2010721
2010722
2010723
2010724
2010725
2010726
2010727
2010728
2010729
2010730
2010731
201081
201082
201083
201084
201085
201086
201087
201088
201089
2010810
2010811
2010812
2010813
2010814
2010815
2010816
2010817
2010818
2010819
2010820
2010821
2010822
2010823
2010824
2010825
2010826
2010827
2010828
2010829
2010830
2010831
201091
201092
201093
201094
201095
201096
201097
201098
201099
2010910
2010911
2010912
2010913
2010914
2010915
2010916
2010917
2010918
2010919
2010920
2010921
2010922
2010923
2010924
2010925
2010926
2010927
2010928
2010929
2010930
2010931
2010101
2010102
2010103
2010104
2010105
2010106
2010107
2010108
2010109
20101010
20101011
20101012
20101013
20101014
20101015
20101016
20101017
20101018
20101019
20101020
20101021
20101022
20101023
20101024
20101025
20101026
20101027
20101028
20101029
20101030
20101031
2010111
2010112
2010113
2010114
2010115
2010116
2010117
2010118
2010119
20101110
20101111
20101112
20101113
20101114
20101115
20101116
20101117
20101118
20101119
20101120
20101121
20101122
20101123
20101124
20101125
20101126
20101127
20101128
20101129
20101130
20101131
2010121
2010122
2010123
2010124
2010125
2010126
2010127
2010128
2010129
20101210
20101211
20101212
20101213
20101214
20101215
20101216
20101217
20101218
20101219
20101220
20101221
20101222
20101223
20101224
20101225
20101226
20101227
20101228
20101229
20101230
20101231
201111
201112
201113
201114
201115
201116
201117
201118
201119
2011110
2011111
2011112
2011113
2011114
2011115
2011116
2011117
2011118
2011119
2011120
2011121
2011122
2011123
2011124
2011125
2011126
2011127
2011128
2011129
2011130
2011131
201121
201122
201123
201124
201125
201126
201127
201128
201129
2011210
2011211
2011212
2011213
2011214
2011215
2011216
2011217
2011218
2011219
2011220
2011221
2011222
2011223
2011224
2011225
2011226
2011227
2011228
2011229
2011230
2011231
201131
201132
201133
201134
201135
201136
201137
201138
201139
2011310
2011311
2011312
2011313
2011314
2011315
2011316
2011317
2011318
2011319
2011320
2011321
2011322
2011323
2011324
2011325
2011326
2011327
2011328
2011329
2011330
2011331
201141
201142
201143
201144
201145
201146
201147
201148
201149
2011410
2011411
2011412
2011413
2011414
2011415
2011416
2011417
2011418
2011419
2011420
2011421
2011422
2011423
2011424
2011425
2011426
2011427
2011428
2011429
2011430
2011431
201151
201152
201153
201154
201155
201156
201157
201158
201159
2011510
2011511
2011512
2011513
2011514
2011515
2011516
2011517
2011518
2011519
2011520
2011521
2011522
2011523
2011524
2011525
2011526
2011527
2011528
2011529
2011530
2011531
201161
201162
201163
201164
201165
201166
201167
201168
201169
2011610
2011611
2011612
2011613
2011614
2011615
2011616
2011617
2011618
2011619
2011620
2011621
2011622
2011623
2011624
2011625
2011626
2011627
2011628
2011629
2011630
2011631
201171
201172
201173
201174
201175
201176
201177
201178
201179
2011710
2011711
2011712
2011713
2011714
2011715
2011716
2011717
2011718
2011719
2011720
2011721
2011722
2011723
2011724
2011725
2011726
2011727
2011728
2011729
2011730
2011731
201181
201182
201183
201184
201185
201186
201187
201188
201189
2011810
2011811
2011812
2011813
2011814
2011815
2011816
2011817
2011818
2011819
2011820
2011821
2011822
2011823
2011824
2011825
2011826
2011827
2011828
2011829
2011830
2011831
201191
201192
201193
201194
201195
201196
201197
201198
201199
2011910
2011911
2011912
2011913
2011914
2011915
2011916
2011917
2011918
2011919
2011920
2011921
2011922
2011923
2011924
2011925
2011926
2011927
2011928
2011929
2011930
2011931
2011101
2011102
2011103
2011104
2011105
2011106
2011107
2011108
2011109
20111010
20111011
20111012
20111013
20111014
20111015
20111016
20111017
20111018
20111019
20111020
20111021
20111022
20111023
20111024
20111025
20111026
20111027
20111028
20111029
20111030
20111031
2011111
2011112
2011113
2011114
2011115
2011116
2011117
2011118
2011119
20111110
20111111
20111112
20111113
20111114
20111115
20111116
20111117
20111118
20111119
20111120
20111121
20111122
20111123
20111124
20111125
20111126
20111127
20111128
20111129
20111130
20111131
2011121
2011122
2011123
2011124
2011125
2011126
2011127
2011128
2011129
20111210
20111211
20111212
20111213
20111214
20111215
20111216
20111217
20111218
20111219
20111220
20111221
20111222
20111223
20111224
20111225
20111226
20111227
20111228
20111229
20111230
20111231
201211
201212
201213
201214
201215
201216
201217
201218
201219
2012110
2012111
2012112
2012113
2012114
2012115
2012116
2012117
2012118
2012119
2012120
2012121
2012122
2012123
2012124
2012125
2012126
2012127
2012128
2012129
2012130
2012131
201221
201222
201223
201224
201225
201226
201227
201228
201229
2012210
2012211
2012212
2012213
2012214
2012215
2012216
2012217
2012218
2012219
2012220
2012221
2012222
2012223
2012224
2012225
2012226
2012227
2012228
2012229
2012230
2012231
201231
201232
201233
201234
201235
201236
201237
201238
201239
2012310
2012311
2012312
2012313
2012314
2012315
2012316
2012317
2012318
2012319
2012320
2012321
2012322
2012323
2012324
2012325
2012326
2012327
2012328
2012329
2012330
2012331
201241
201242
201243
201244
201245
201246
201247
201248
201249
2012410
2012411
2012412
2012413
2012414
2012415
2012416
2012417
2012418
2012419
2012420
2012421
2012422
2012423
2012424
2012425
2012426
2012427
2012428
2012429
2012430
2012431
201251
201252
201253
201254
201255
201256
201257
201258
201259
2012510
2012511
2012512
2012513
2012514
2012515
2012516
2012517
2012518
2012519
2012520
2012521
2012522
2012523
2012524
2012525
2012526
2012527
2012528
2012529
2012530
2012531
201261
201262
201263
201264
201265
201266
201267
201268
201269
2012610
2012611
2012612
2012613
2012614
2012615
2012616
2012617
2012618
2012619
2012620
2012621
2012622
2012623
2012624
2012625
2012626
2012627
2012628
2012629
2012630
2012631
201271
201272
201273
201274
201275
201276
201277
201278
201279
2012710
2012711
2012712
2012713
2012714
2012715
2012716
2012717
2012718
2012719
2012720
2012721
2012722
2012723
2012724
2012725
2012726
2012727
2012728
2012729
2012730
2012731
201281
201282
201283
201284
201285
201286
201287
201288
201289
2012810
2012811
2012812
2012813
2012814
2012815
2012816
2012817
2012818
2012819
2012820
2012821
2012822
2012823
2012824
2012825
2012826
2012827
2012828
2012829
2012830
2012831
201291
201292
201293
201294
201295
201296
201297
201298
201299
2012910
2012911
2012912
2012913
2012914
2012915
2012916
2012917
2012918
2012919
2012920
2012921
2012922
2012923
2012924
2012925
2012926
2012927
2012928
2012929
2012930
2012931
2012101
2012102
2012103
2012104
2012105
2012106
2012107
2012108
2012109
20121010
20121011
20121012
20121013
20121014
20121015
20121016
20121017
20121018
20121019
20121020
20121021
20121022
20121023
20121024
20121025
20121026
20121027
20121028
20121029
20121030
20121031
2012111
2012112
2012113
2012114
2012115
2012116
2012117
2012118
2012119
20121110
20121111
20121112
20121113
20121114
20121115
20121116
20121117
20121118
20121119
20121120
20121121
20121122
20121123
20121124
20121125
20121126
20121127
20121128
20121129
20121130
20121131
2012121
2012122
2012123
2012124
2012125
2012126
2012127
2012128
2012129
20121210
20121211
20121212
20121213
20121214
20121215
20121216
20121217
20121218
20121219
20121220
20121221
20121222
20121223
20121224
20121225
20121226
20121227
20121228
20121229
20121230
20121231
201311
201312
201313
201314
201315
201316
201317
201318
201319
2013110
2013111
2013112
2013113
2013114
2013115
2013116
2013117
2013118
2013119
2013120
2013121
2013122
2013123
2013124
2013125
2013126
2013127
2013128
2013129
2013130
2013131
201321
201322
201323
201324
201325
201326
201327
201328
201329
2013210
2013211
2013212
2013213
2013214
2013215
2013216
2013217
2013218
2013219
2013220
2013221
2013222
2013223
2013224
2013225
2013226
2013227
2013228
2013229
2013230
2013231
201331
201332
201333
201334
201335
201336
201337
201338
201339
2013310
2013311
2013312
2013313
2013314
2013315
2013316
2013317
2013318
2013319
2013320
2013321
2013322
2013323
2013324
2013325
2013326
2013327
2013328
2013329
2013330
2013331
201341
201342
201343
201344
201345
201346
201347
201348
201349
2013410
2013411
2013412
2013413
2013414
2013415
2013416
2013417
2013418
2013419
2013420
2013421
2013422
2013423
2013424
2013425
2013426
2013427
2013428
2013429
2013430
2013431
201351
201352
201353
201354
201355
201356
201357
201358
201359
2013510
2013511
2013512
2013513
2013514
2013515
2013516
2013517
2013518
2013519
2013520
2013521
2013522
2013523
2013524
2013525
2013526
2013527
2013528
2013529
2013530
2013531
201361
201362
201363
201364
201365
201366
201367
201368
201369
2013610
2013611
2013612
2013613
2013614
2013615
2013616
2013617
2013618
2013619
2013620
2013621
2013622
2013623
2013624
2013625
2013626
2013627
2013628
2013629
2013630
2013631
201371
201372
201373
201374
201375
201376
201377
201378
201379
2013710
2013711
2013712
2013713
2013714
2013715
2013716
2013717
2013718
2013719
2013720
2013721
2013722
2013723
2013724
2013725
2013726
2013727
2013728
2013729
2013730
2013731
201381
201382
201383
201384
201385
201386
201387
201388
201389
2013810
2013811
2013812
2013813
2013814
2013815
2013816
2013817
2013818
2013819
2013820
2013821
2013822
2013823
2013824
2013825
2013826
2013827
2013828
2013829
2013830
2013831
201391
201392
201393
201394
201395
201396
201397
201398
201399
2013910
2013911
2013912
2013913
2013914
2013915
2013916
2013917
2013918
2013919
2013920
2013921
2013922
2013923
2013924
2013925
2013926
2013927
2013928
2013929
2013930
2013931
2013101
2013102
2013103
2013104
2013105
2013106
2013107
2013108
2013109
20131010
20131011
20131012
20131013
20131014
20131015
20131016
20131017
20131018
20131019
20131020
20131021
20131022
20131023
20131024
20131025
20131026
20131027
20131028
20131029
20131030
20131031
2013111
2013112
2013113
2013114
2013115
2013116
2013117
2013118
2013119
20131110
20131111
20131112
20131113
20131114
20131115
20131116
20131117
20131118
20131119
20131120
20131121
20131122
20131123
20131124
20131125
20131126
20131127
20131128
20131129
20131130
20131131
2013121
2013122
2013123
2013124
2013125
2013126
2013127
2013128
2013129
20131210
20131211
20131212
20131213
20131214
20131215
20131216
20131217
20131218
20131219
20131220
20131221
20131222
20131223
20131224
20131225
20131226
20131227
20131228
20131229
20131230
20131231
201411
201412
201413
201414
201415
201416
201417
201418
201419
2014110
2014111
2014112
2014113
2014114
2014115
2014116
2014117
2014118
2014119
2014120
2014121
2014122
2014123
2014124
2014125
2014126
2014127
2014128
2014129
2014130
2014131
201421
201422
201423
201424
201425
201426
201427
201428
201429
2014210
2014211
2014212
2014213
2014214
2014215
2014216
2014217
2014218
2014219
2014220
2014221
2014222
2014223
2014224
2014225
2014226
2014227
2014228
2014229
2014230
2014231
201431
201432
201433
201434
201435
201436
201437
201438
201439
2014310
2014311
2014312
2014313
2014314
2014315
2014316
2014317
2014318
2014319
2014320
2014321
2014322
2014323
2014324
2014325
2014326
2014327
2014328
2014329
2014330
2014331
201441
201442
201443
201444
201445
201446
201447
201448
201449
2014410
2014411
2014412
2014413
2014414
2014415
2014416
2014417
2014418
2014419
2014420
2014421
2014422
2014423
2014424
2014425
2014426
2014427
2014428
2014429
2014430
2014431
201451
201452
201453
201454
201455
201456
201457
201458
201459
2014510
2014511
2014512
2014513
2014514
2014515
2014516
2014517
2014518
2014519
2014520
2014521
2014522
2014523
2014524
2014525
2014526
2014527
2014528
2014529
2014530
2014531
201461
201462
201463
201464
201465
201466
201467
201468
201469
2014610
2014611
2014612
2014613
2014614
2014615
2014616
2014617
2014618
2014619
2014620
2014621
2014622
2014623
2014624
2014625
2014626
2014627
2014628
2014629
2014630
2014631
201471
201472
201473
201474
201475
201476
201477
201478
201479
2014710
2014711
2014712
2014713
2014714
2014715
2014716
2014717
2014718
2014719
2014720
2014721
2014722
2014723
2014724
2014725
2014726
2014727
2014728
2014729
2014730
2014731
201481
201482
201483
201484
201485
201486
201487
201488
201489
2014810
2014811
2014812
2014813
2014814
2014815
2014816
2014817
2014818
2014819
2014820
2014821
2014822
2014823
2014824
2014825
2014826
2014827
2014828
2014829
2014830
2014831
201491
201492
201493
201494
201495
201496
201497
201498
201499
2014910
2014911
2014912
2014913
2014914
2014915
2014916
2014917
2014918
2014919
2014920
2014921
2014922
2014923
2014924
2014925
2014926
2014927
2014928
2014929
2014930
2014931
2014101
2014102
2014103
2014104
2014105
2014106
2014107
2014108
2014109
20141010
20141011
20141012
20141013
20141014
20141015
20141016
20141017
20141018
20141019
20141020
20141021
20141022
20141023
20141024
20141025
20141026
20141027
20141028
20141029
20141030
20141031
2014111
2014112
2014113
2014114
2014115
2014116
2014117
2014118
2014119
20141110
20141111
20141112
20141113
20141114
20141115
20141116
20141117
20141118
20141119
20141120
20141121
20141122
20141123
20141124
20141125
20141126
20141127
20141128
20141129
20141130
20141131
2014121
2014122
2014123
2014124
2014125
2014126
2014127
2014128
2014129
20141210
20141211
20141212
20141213
20141214
20141215
20141216
20141217
20141218
20141219
20141220
20141221
20141222
20141223
20141224
20141225
20141226
20141227
20141228
20141229
20141230
20141231
201511
201512
201513
201514
201515
201516
201517
201518
201519
2015110
2015111
2015112
2015113
2015114
2015115
2015116
2015117
2015118
2015119
2015120
2015121
2015122
2015123
2015124
2015125
2015126
2015127
2015128
2015129
2015130
2015131
201521
201522
201523
201524
201525
201526
201527
201528
201529
2015210
2015211
2015212
2015213
2015214
2015215
2015216
2015217
2015218
2015219
2015220
2015221
2015222
2015223
2015224
2015225
2015226
2015227
2015228
2015229
2015230
2015231
201531
201532
201533
201534
201535
201536
201537
201538
201539
2015310
2015311
2015312
2015313
2015314
2015315
2015316
2015317
2015318
2015319
2015320
2015321
2015322
2015323
2015324
2015325
2015326
2015327
2015328
2015329
2015330
2015331
201541
201542
201543
201544
201545
201546
201547
201548
201549
2015410
2015411
2015412
2015413
2015414
2015415
2015416
2015417
2015418
2015419
2015420
2015421
2015422
2015423
2015424
2015425
2015426
2015427
2015428
2015429
2015430
2015431
201551
201552
201553
201554
201555
201556
201557
201558
201559
2015510
2015511
2015512
2015513
2015514
2015515
2015516
2015517
2015518
2015519
2015520
2015521
2015522
2015523
2015524
2015525
2015526
2015527
2015528
2015529
2015530
2015531
201561
201562
201563
201564
201565
201566
201567
201568
201569
2015610
2015611
2015612
2015613
2015614
2015615
2015616
2015617
2015618
2015619
2015620
2015621
2015622
2015623
2015624
2015625
2015626
2015627
2015628
2015629
2015630
2015631
201571
201572
201573
201574
201575
201576
201577
201578
201579
2015710
2015711
2015712
2015713
2015714
2015715
2015716
2015717
2015718
2015719
2015720
2015721
2015722
2015723
2015724
2015725
2015726
2015727
2015728
2015729
2015730
2015731
201581
201582
201583
201584
201585
201586
201587
201588
201589
2015810
2015811
2015812
2015813
2015814
2015815
2015816
2015817
2015818
2015819
2015820
2015821
2015822
2015823
2015824
2015825
2015826
2015827
2015828
2015829
2015830
2015831
201591
201592
201593
201594
201595
201596
201597
201598
201599
2015910
2015911
2015912
2015913
2015914
2015915
2015916
2015917
2015918
2015919
2015920
2015921
2015922
2015923
2015924
2015925
2015926
2015927
2015928
2015929
2015930
2015931
2015101
2015102
2015103
2015104
2015105
2015106
2015107
2015108
2015109
20151010
20151011
20151012
20151013
20151014
20151015
20151016
20151017
20151018
20151019
20151020
20151021
20151022
20151023
20151024
20151025
20151026
20151027
20151028
20151029
20151030
20151031
2015111
2015112
2015113
2015114
2015115
2015116
2015117
2015118
2015119
20151110
20151111
20151112
20151113
20151114
20151115
20151116
20151117
20151118
20151119
20151120
20151121
20151122
20151123
20151124
20151125
20151126
20151127
20151128
20151129
20151130
20151131
2015121
2015122
2015123
2015124
2015125
2015126
2015127
2015128
2015129
20151210
20151211
20151212
20151213
20151214
20151215
20151216
20151217
20151218
20151219
20151220
20151221
20151222
20151223
20151224
20151225
20151226
20151227
20151228
20151229
20151230
20151231
201611
201612
201613
201614
201615
201616
201617
201618
201619
2016110
2016111
2016112
2016113
2016114
2016115
2016116
2016117
2016118
2016119
2016120
2016121
2016122
2016123
2016124
2016125
2016126
2016127
2016128
2016129
2016130
2016131
201621
201622
201623
201624
201625
201626
201627
201628
201629
2016210
2016211
2016212
2016213
2016214
2016215
2016216
2016217
2016218
2016219
2016220
2016221
2016222
2016223
2016224
2016225
2016226
2016227
2016228
2016229
2016230
2016231
201631
201632
201633
201634
201635
201636
201637
201638
201639
2016310
2016311
2016312
2016313
2016314
2016315
2016316
2016317
2016318
2016319
2016320
2016321
2016322
2016323
2016324
2016325
2016326
2016327
2016328
2016329
2016330
2016331
201641
201642
201643
201644
201645
201646
201647
201648
201649
2016410
2016411
2016412
2016413
2016414
2016415
2016416
2016417
2016418
2016419
2016420
2016421
2016422
2016423
2016424
2016425
2016426
2016427
2016428
2016429
2016430
2016431
201651
201652
201653
201654
201655
201656
201657
201658
201659
2016510
2016511
2016512
2016513
2016514
2016515
2016516
2016517
2016518
2016519
2016520
2016521
2016522
2016523
2016524
2016525
2016526
2016527
2016528
2016529
2016530
2016531
201661
201662
201663
201664
201665
201666
201667
201668
201669
2016610
2016611
2016612
2016613
2016614
2016615
2016616
2016617
2016618
2016619
2016620
2016621
2016622
2016623
2016624
2016625
2016626
2016627
2016628
2016629
2016630
2016631
201671
201672
201673
201674
201675
201676
201677
201678
201679
2016710
2016711
2016712
2016713
2016714
2016715
2016716
2016717
2016718
2016719
2016720
2016721
2016722
2016723
2016724
2016725
2016726
2016727
2016728
2016729
2016730
2016731
201681
201682
201683
201684
201685
201686
201687
201688
201689
2016810
2016811
2016812
2016813
2016814
2016815
2016816
2016817
2016818
2016819
2016820
2016821
2016822
2016823
2016824
2016825
2016826
2016827
2016828
2016829
2016830
2016831
201691
201692
201693
201694
201695
201696
201697
201698
201699
2016910
2016911
2016912
2016913
2016914
2016915
2016916
2016917
2016918
2016919
2016920
2016921
2016922
2016923
2016924
2016925
2016926
2016927
2016928
2016929
2016930
2016931
2016101
2016102
2016103
2016104
2016105
2016106
2016107
2016108
2016109
20161010
20161011
20161012
20161013
20161014
20161015
20161016
20161017
20161018
20161019
20161020
20161021
20161022
20161023
20161024
20161025
20161026
20161027
20161028
20161029
20161030
20161031
2016111
2016112
2016113
2016114
2016115
2016116
2016117
2016118
2016119
20161110
20161111
20161112
20161113
20161114
20161115
20161116
20161117
20161118
20161119
20161120
20161121
20161122
20161123
20161124
20161125
20161126
20161127
20161128
20161129
20161130
20161131
2016121
2016122
2016123
2016124
2016125
2016126
2016127
2016128
2016129
20161210
20161211
20161212
20161213
20161214
20161215
20161216
20161217
20161218
20161219
20161220
20161221
20161222
20161223
20161224
20161225
20161226
20161227
20161228
20161229
20161230
20161231
201711
201712
201713
201714
201715
201716
201717
201718
201719
2017110
2017111
2017112
2017113
2017114
2017115
2017116
2017117
2017118
2017119
2017120
2017121
2017122
2017123
2017124
2017125
2017126
2017127
2017128
2017129
2017130
2017131
201721
201722
201723
201724
201725
201726
201727
201728
201729
2017210
2017211
2017212
2017213
2017214
2017215
2017216
2017217
2017218
2017219
2017220
2017221
2017222
2017223
2017224
2017225
2017226
2017227
2017228
2017229
2017230
2017231
201731
201732
201733
201734
201735
201736
201737
201738
201739
2017310
2017311
2017312
2017313
2017314
2017315
2017316
2017317
2017318
2017319
2017320
2017321
2017322
2017323
2017324
2017325
2017326
2017327
2017328
2017329
2017330
2017331
201741
201742
201743
201744
201745
201746
201747
201748
201749
2017410
2017411
2017412
2017413
2017414
2017415
2017416
2017417
2017418
2017419
2017420
2017421
2017422
2017423
2017424
2017425
2017426
2017427
2017428
2017429
2017430
2017431
201751
201752
201753
201754
201755
201756
201757
201758
201759
2017510
2017511
2017512
2017513
2017514
2017515
2017516
2017517
2017518
2017519
2017520
2017521
2017522
2017523
2017524
2017525
2017526
2017527
2017528
2017529
2017530
2017531
201761
201762
201763
201764
201765
201766
201767
201768
201769
2017610
2017611
2017612
2017613
2017614
2017615
2017616
2017617
2017618
2017619
2017620
2017621
2017622
2017623
2017624
2017625
2017626
2017627
2017628
2017629
2017630
2017631
201771
201772
201773
201774
201775
201776
201777
201778
201779
2017710
2017711
2017712
2017713
2017714
2017715
2017716
2017717
2017718
2017719
2017720
2017721
2017722
2017723
2017724
2017725
2017726
2017727
2017728
2017729
2017730
2017731
201781
201782
201783
201784
201785
201786
201787
201788
201789
2017810
2017811
2017812
2017813
2017814
2017815
2017816
2017817
2017818
2017819
2017820
2017821
2017822
2017823
2017824
2017825
2017826
2017827
2017828
2017829
2017830
2017831
201791
201792
201793
201794
201795
201796
201797
201798
201799
2017910
2017911
2017912
2017913
2017914
2017915
2017916
2017917
2017918
2017919
2017920
2017921
2017922
2017923
2017924
2017925
2017926
2017927
2017928
2017929
2017930
2017931
2017101
2017102
2017103
2017104
2017105
2017106
2017107
2017108
2017109
20171010
20171011
20171012
20171013
20171014
20171015
20171016
20171017
20171018
20171019
20171020
20171021
20171022
20171023
20171024
20171025
20171026
20171027
20171028
20171029
20171030
20171031
2017111
2017112
2017113
2017114
2017115
2017116
2017117
2017118
2017119
20171110
20171111
20171112
20171113
20171114
20171115
20171116
20171117
20171118
20171119
20171120
20171121
20171122
20171123
20171124
20171125
20171126
20171127
20171128
20171129
20171130
20171131
2017121
2017122
2017123
2017124
2017125
2017126
2017127
2017128
2017129
20171210
20171211
20171212
20171213
20171214
20171215
20171216
20171217
20171218
20171219
20171220
20171221
20171222
20171223
20171224
20171225
20171226
20171227
20171228
20171229
20171230
20171231
201811
201812
201813
201814
201815
201816
201817
201818
201819
2018110
2018111
2018112
2018113
2018114
2018115
2018116
2018117
2018118
2018119
2018120
2018121
2018122
2018123
2018124
2018125
2018126
2018127
2018128
2018129
2018130
2018131
201821
201822
201823
201824
201825
201826
201827
201828
201829
2018210
2018211
2018212
2018213
2018214
2018215
2018216
2018217
2018218
2018219
2018220
2018221
2018222
2018223
2018224
2018225
2018226
2018227
2018228
2018229
2018230
2018231
201831
201832
201833
201834
201835
201836
201837
201838
201839
2018310
2018311
2018312
2018313
2018314
2018315
2018316
2018317
2018318
2018319
2018320
2018321
2018322
2018323
2018324
2018325
2018326
2018327
2018328
2018329
2018330
2018331
201841
201842
201843
201844
201845
201846
201847
201848
201849
2018410
2018411
2018412
2018413
2018414
2018415
2018416
2018417
2018418
2018419
2018420
2018421
2018422
2018423
2018424
2018425
2018426
2018427
2018428
2018429
2018430
2018431
201851
201852
201853
201854
201855
201856
201857
201858
201859
2018510
2018511
2018512
2018513
2018514
2018515
2018516
2018517
2018518
2018519
2018520
2018521
2018522
2018523
2018524
2018525
2018526
2018527
2018528
2018529
2018530
2018531
201861
201862
201863
201864
201865
201866
201867
201868
201869
2018610
2018611
2018612
2018613
2018614
2018615
2018616
2018617
2018618
2018619
2018620
2018621
2018622
2018623
2018624
2018625
2018626
2018627
2018628
2018629
2018630
2018631
201871
201872
201873
201874
201875
201876
201877
201878
201879
2018710
2018711
2018712
2018713
2018714
2018715
2018716
2018717
2018718
2018719
2018720
2018721
2018722
2018723
2018724
2018725
2018726
2018727
2018728
2018729
2018730
2018731
201881
201882
201883
201884
201885
201886
201887
201888
201889
2018810
2018811
2018812
2018813
2018814
2018815
2018816
2018817
2018818
2018819
2018820
2018821
2018822
2018823
2018824
2018825
2018826
2018827
2018828
2018829
2018830
2018831
201891
201892
201893
201894
201895
201896
201897
201898
201899
2018910
2018911
2018912
2018913
2018914
2018915
2018916
2018917
2018918
2018919
2018920
2018921
2018922
2018923
2018924
2018925
2018926
2018927
2018928
2018929
2018930
2018931
2018101
2018102
2018103
2018104
2018105
2018106
2018107
2018108
2018109
20181010
20181011
20181012
20181013
20181014
20181015
20181016
20181017
20181018
20181019
20181020
20181021
20181022
20181023
20181024
20181025
20181026
20181027
20181028
20181029
20181030
20181031
2018111
2018112
2018113
2018114
2018115
2018116
2018117
2018118
2018119
20181110
20181111
20181112
20181113
20181114
20181115
20181116
20181117
20181118
20181119
20181120
20181121
20181122
20181123
20181124
20181125
20181126
20181127
20181128
20181129
20181130
20181131
2018121
2018122
2018123
2018124
2018125
2018126
2018127
2018128
2018129
20181210
20181211
20181212
20181213
20181214
20181215
20181216
20181217
20181218
20181219
20181220
20181221
20181222
20181223
20181224
20181225
20181226
20181227
20181228
20181229
20181230
20181231
201911
201912
201913
201914
201915
201916
201917
201918
201919
2019110
2019111
2019112
2019113
2019114
2019115
2019116
2019117
2019118
2019119
2019120
2019121
2019122
2019123
2019124
2019125
2019126
2019127
2019128
2019129
2019130
2019131
201921
201922
201923
201924
201925
201926
201927
201928
201929
2019210
2019211
2019212
2019213
2019214
2019215
2019216
2019217
2019218
2019219
2019220
2019221
2019222
2019223
2019224
2019225
2019226
2019227
2019228
2019229
2019230
2019231
201931
201932
201933
201934
201935
201936
201937
201938
201939
2019310
2019311
2019312
2019313
2019314
2019315
2019316
2019317
2019318
2019319
2019320
2019321
2019322
2019323
2019324
2019325
2019326
2019327
2019328
2019329
2019330
2019331
201941
201942
201943
201944
201945
201946
201947
201948
201949
2019410
2019411
2019412
2019413
2019414
2019415
2019416
2019417
2019418
2019419
2019420
2019421
2019422
2019423
2019424
2019425
2019426
2019427
2019428
2019429
2019430
2019431
201951
201952
201953
201954
201955
201956
201957
201958
201959
2019510
2019511
2019512
2019513
2019514
2019515
2019516
2019517
2019518
2019519
2019520
2019521
2019522
2019523
2019524
2019525
2019526
2019527
2019528
2019529
2019530
2019531
201961
201962
201963
201964
201965
201966
201967
201968
201969
2019610
2019611
2019612
2019613
2019614
2019615
2019616
2019617
2019618
2019619
2019620
2019621
2019622
2019623
2019624
2019625
2019626
2019627
2019628
2019629
2019630
2019631
201971
201972
201973
201974
201975
201976
201977
201978
201979
2019710
2019711
2019712
2019713
2019714
2019715
2019716
2019717
2019718
2019719
2019720
2019721
2019722
2019723
2019724
2019725
2019726
2019727
2019728
2019729
2019730
2019731
201981
201982
201983
201984
201985
201986
201987
201988
201989
2019810
2019811
2019812
2019813
2019814
2019815
2019816
2019817
2019818
2019819
2019820
2019821
2019822
2019823
2019824
2019825
2019826
2019827
2019828
2019829
2019830
2019831
201991
201992
201993
201994
201995
201996
201997
201998
201999
2019910
2019911
2019912
2019913
2019914
2019915
2019916
2019917
2019918
2019919
2019920
2019921
2019922
2019923
2019924
2019925
2019926
2019927
2019928
2019929
2019930
2019931
2019101
2019102
2019103
2019104
2019105
2019106
2019107
2019108
2019109
20191010
20191011
20191012
20191013
20191014
20191015
20191016
20191017
20191018
20191019
20191020
20191021
20191022
20191023
20191024
20191025
20191026
20191027
20191028
20191029
20191030
20191031
2019111
2019112
2019113
2019114
2019115
2019116
2019117
2019118
2019119
20191110
20191111
20191112
20191113
20191114
20191115
20191116
20191117
20191118
20191119
20191120
20191121
20191122
20191123
20191124
20191125
20191126
20191127
20191128
20191129
20191130
20191131
2019121
2019122
2019123
2019124
2019125
2019126
2019127
2019128
2019129
20191210
20191211
20191212
20191213
20191214
20191215
20191216
20191217
20191218
20191219
20191220
20191221
20191222
20191223
20191224
20191225
20191226
20191227
20191228
20191229
20191230
20191231
202011
202012
202013
202014
202015
202016
202017
202018
202019
2020110
2020111
2020112
2020113
2020114
2020115
2020116
2020117
2020118
2020119
2020120
2020121
2020122
2020123
2020124
2020125
2020126
2020127
2020128
2020129
2020130
2020131
202021
202022
202023
202024
202025
202026
202027
202028
202029
2020210
2020211
2020212
2020213
2020214
2020215
2020216
2020217
2020218
2020219
2020220
2020221
2020222
2020223
2020224
2020225
2020226
2020227
2020228
2020229
2020230
2020231
202031
202032
202033
202034
202035
202036
202037
202038
202039
2020310
2020311
2020312
2020313
2020314
2020315
2020316
2020317
2020318
2020319
2020320
2020321
2020322
2020323
2020324
2020325
2020326
2020327
2020328
2020329
2020330
2020331
202041
202042
202043
202044
202045
202046
202047
202048
202049
2020410
2020411
2020412
2020413
2020414
2020415
2020416
2020417
2020418
2020419
2020420
2020421
2020422
2020423
2020424
2020425
2020426
2020427
2020428
2020429
2020430
2020431
202051
202052
202053
202054
202055
202056
202057
202058
202059
2020510
2020511
2020512
2020513
2020514
2020515
2020516
2020517
2020518
2020519
2020520
2020521
2020522
2020523
2020524
2020525
2020526
2020527
2020528
2020529
2020530
2020531
202061
202062
202063
202064
202065
202066
202067
202068
202069
2020610
2020611
2020612
2020613
2020614
2020615
2020616
2020617
2020618
2020619
2020620
2020621
2020622
2020623
2020624
2020625
2020626
2020627
2020628
2020629
2020630
2020631
202071
202072
202073
202074
202075
202076
202077
202078
202079
2020710
2020711
2020712
2020713
2020714
2020715
2020716
2020717
2020718
2020719
2020720
2020721
2020722
2020723
2020724
2020725
2020726
2020727
2020728
2020729
2020730
2020731
202081
202082
202083
202084
202085
202086
202087
202088
202089
2020810
2020811
2020812
2020813
2020814
2020815
2020816
2020817
2020818
2020819
2020820
2020821
2020822
2020823
2020824
2020825
2020826
2020827
2020828
2020829
2020830
2020831
202091
202092
202093
202094
202095
202096
202097
202098
202099
2020910
2020911
2020912
2020913
2020914
2020915
2020916
2020917
2020918
2020919
2020920
2020921
2020922
2020923
2020924
2020925
2020926
2020927
2020928
2020929
2020930
2020931
2020101
2020102
2020103
2020104
2020105
2020106
2020107
2020108
2020109
20201010
20201011
20201012
20201013
20201014
20201015
20201016
20201017
20201018
20201019
20201020
20201021
20201022
20201023
20201024
20201025
20201026
20201027
20201028
20201029
20201030
20201031
2020111
2020112
2020113
2020114
2020115
2020116
2020117
2020118
2020119
20201110
20201111
20201112
20201113
20201114
20201115
20201116
20201117
20201118
20201119
20201120
20201121
20201122
20201123
20201124
20201125
20201126
20201127
20201128
20201129
20201130
20201131
2020121
2020122
2020123
2020124
2020125
2020126
2020127
2020128
2020129
20201210
20201211
20201212
20201213
20201214
20201215
20201216
20201217
20201218
20201219
20201220
20201221
20201222
20201223
20201224
20201225
20201226
20201227
20201228
20201229
20201230
20201231
