111998
211998
311998
411998
511998
611998
711998
811998
911998
1011998
1111998
1211998
1311998
1411998
1511998
1611998
1711998
1811998
1911998
2011998
2111998
2211998
2311998
2411998
2511998
2611998
2711998
2811998
2911998
3011998
3111998
121998
221998
321998
421998
521998
621998
721998
821998
921998
1021998
1121998
1221998
1321998
1421998
1521998
1621998
1721998
1821998
1921998
2021998
2121998
2221998
2321998
2421998
2521998
2621998
2721998
2821998
2921998
3021998
3121998
131998
231998
331998
431998
531998
631998
731998
831998
931998
1031998
1131998
1231998
1331998
1431998
1531998
1631998
1731998
1831998
1931998
2031998
2131998
2231998
2331998
2431998
2531998
2631998
2731998
2831998
2931998
3031998
3131998
141998
241998
341998
441998
541998
641998
741998
841998
941998
1041998
1141998
1241998
1341998
1441998
1541998
1641998
1741998
1841998
1941998
2041998
2141998
2241998
2341998
2441998
2541998
2641998
2741998
2841998
2941998
3041998
3141998
151998
251998
351998
451998
551998
651998
751998
851998
951998
1051998
1151998
1251998
1351998
1451998
1551998
1651998
1751998
1851998
1951998
2051998
2151998
2251998
2351998
2451998
2551998
2651998
2751998
2851998
2951998
3051998
3151998
161998
261998
361998
461998
561998
661998
761998
861998
961998
1061998
1161998
1261998
1361998
1461998
1561998
1661998
1761998
1861998
1961998
2061998
2161998
2261998
2361998
2461998
2561998
2661998
2761998
2861998
2961998
3061998
3161998
171998
271998
371998
471998
571998
671998
771998
871998
971998
1071998
1171998
1271998
1371998
1471998
1571998
1671998
1771998
1871998
1971998
2071998
2171998
2271998
2371998
2471998
2571998
2671998
2771998
2871998
2971998
3071998
3171998
181998
281998
381998
481998
581998
681998
781998
881998
981998
1081998
1181998
1281998
1381998
1481998
1581998
1681998
1781998
1881998
1981998
2081998
2181998
2281998
2381998
2481998
2581998
2681998
2781998
2881998
2981998
3081998
3181998
191998
291998
391998
491998
591998
691998
791998
891998
991998
1091998
1191998
1291998
1391998
1491998
1591998
1691998
1791998
1891998
1991998
2091998
2191998
2291998
2391998
2491998
2591998
2691998
2791998
2891998
2991998
3091998
3191998
1101998
2101998
3101998
4101998
5101998
6101998
7101998
8101998
9101998
10101998
11101998
12101998
13101998
14101998
15101998
16101998
17101998
18101998
19101998
20101998
21101998
22101998
23101998
24101998
25101998
26101998
27101998
28101998
29101998
30101998
31101998
1111998
2111998
3111998
4111998
5111998
6111998
7111998
8111998
9111998
10111998
11111998
12111998
13111998
14111998
15111998
16111998
17111998
18111998
19111998
20111998
21111998
22111998
23111998
24111998
25111998
26111998
27111998
28111998
29111998
30111998
31111998
1121998
2121998
3121998
4121998
5121998
6121998
7121998
8121998
9121998
10121998
11121998
12121998
13121998
14121998
15121998
16121998
17121998
18121998
19121998
20121998
21121998
22121998
23121998
24121998
25121998
26121998
27121998
28121998
29121998
30121998
31121998
111999
211999
311999
411999
511999
611999
711999
811999
911999
1011999
1111999
1211999
1311999
1411999
1511999
1611999
1711999
1811999
1911999
2011999
2111999
2211999
2311999
2411999
2511999
2611999
2711999
2811999
2911999
3011999
3111999
121999
221999
321999
421999
521999
621999
721999
821999
921999
1021999
1121999
1221999
1321999
1421999
1521999
1621999
1721999
1821999
1921999
2021999
2121999
2221999
2321999
2421999
2521999
2621999
2721999
2821999
2921999
3021999
3121999
131999
231999
331999
431999
531999
631999
731999
831999
931999
1031999
1131999
1231999
1331999
1431999
1531999
1631999
1731999
1831999
1931999
2031999
2131999
2231999
2331999
2431999
2531999
2631999
2731999
2831999
2931999
3031999
3131999
141999
241999
341999
441999
541999
641999
741999
841999
941999
1041999
1141999
1241999
1341999
1441999
1541999
1641999
1741999
1841999
1941999
2041999
2141999
2241999
2341999
2441999
2541999
2641999
2741999
2841999
2941999
3041999
3141999
151999
251999
351999
451999
551999
651999
751999
851999
951999
1051999
1151999
1251999
1351999
1451999
1551999
1651999
1751999
1851999
1951999
2051999
2151999
2251999
2351999
2451999
2551999
2651999
2751999
2851999
2951999
3051999
3151999
161999
261999
361999
461999
561999
661999
761999
861999
961999
1061999
1161999
1261999
1361999
1461999
1561999
1661999
1761999
1861999
1961999
2061999
2161999
2261999
2361999
2461999
2561999
2661999
2761999
2861999
2961999
3061999
3161999
171999
271999
371999
471999
571999
671999
771999
871999
971999
1071999
1171999
1271999
1371999
1471999
1571999
1671999
1771999
1871999
1971999
2071999
2171999
2271999
2371999
2471999
2571999
2671999
2771999
2871999
2971999
3071999
3171999
181999
281999
381999
481999
581999
681999
781999
881999
981999
1081999
1181999
1281999
1381999
1481999
1581999
1681999
1781999
1881999
1981999
2081999
2181999
2281999
2381999
2481999
2581999
2681999
2781999
2881999
2981999
3081999
3181999
191999
291999
391999
491999
591999
691999
791999
891999
991999
1091999
1191999
1291999
1391999
1491999
1591999
1691999
1791999
1891999
1991999
2091999
2191999
2291999
2391999
2491999
2591999
2691999
2791999
2891999
2991999
3091999
3191999
1101999
2101999
3101999
4101999
5101999
6101999
7101999
8101999
9101999
10101999
11101999
12101999
13101999
14101999
15101999
16101999
17101999
18101999
19101999
20101999
21101999
22101999
23101999
24101999
25101999
26101999
27101999
28101999
29101999
30101999
31101999
1111999
2111999
3111999
4111999
5111999
6111999
7111999
8111999
9111999
10111999
11111999
12111999
13111999
14111999
15111999
16111999
17111999
18111999
19111999
20111999
21111999
22111999
23111999
24111999
25111999
26111999
27111999
28111999
29111999
30111999
31111999
1121999
2121999
3121999
4121999
5121999
6121999
7121999
8121999
9121999
10121999
11121999
12121999
13121999
14121999
15121999
16121999
17121999
18121999
19121999
20121999
21121999
22121999
23121999
24121999
25121999
26121999
27121999
28121999
29121999
30121999
31121999
112000
212000
312000
412000
512000
612000
712000
812000
912000
1012000
1112000
1212000
1312000
1412000
1512000
1612000
1712000
1812000
1912000
2012000
2112000
2212000
2312000
2412000
2512000
2612000
2712000
2812000
2912000
3012000
3112000
122000
222000
322000
422000
522000
622000
722000
822000
922000
1022000
1122000
1222000
1322000
1422000
1522000
1622000
1722000
1822000
1922000
2022000
2122000
2222000
2322000
2422000
2522000
2622000
2722000
2822000
2922000
3022000
3122000
132000
232000
332000
432000
532000
632000
732000
832000
932000
1032000
1132000
1232000
1332000
1432000
1532000
1632000
1732000
1832000
1932000
2032000
2132000
2232000
2332000
2432000
2532000
2632000
2732000
2832000
2932000
3032000
3132000
142000
242000
342000
442000
542000
642000
742000
842000
942000
1042000
1142000
1242000
1342000
1442000
1542000
1642000
1742000
1842000
1942000
2042000
2142000
2242000
2342000
2442000
2542000
2642000
2742000
2842000
2942000
3042000
3142000
152000
252000
352000
452000
552000
652000
752000
852000
952000
1052000
1152000
1252000
1352000
1452000
1552000
1652000
1752000
1852000
1952000
2052000
2152000
2252000
2352000
2452000
2552000
2652000
2752000
2852000
2952000
3052000
3152000
162000
262000
362000
462000
562000
662000
762000
862000
962000
1062000
1162000
1262000
1362000
1462000
1562000
1662000
1762000
1862000
1962000
2062000
2162000
2262000
2362000
2462000
2562000
2662000
2762000
2862000
2962000
3062000
3162000
172000
272000
372000
472000
572000
672000
772000
872000
972000
1072000
1172000
1272000
1372000
1472000
1572000
1672000
1772000
1872000
1972000
2072000
2172000
2272000
2372000
2472000
2572000
2672000
2772000
2872000
2972000
3072000
3172000
182000
282000
382000
482000
582000
682000
782000
882000
982000
1082000
1182000
1282000
1382000
1482000
1582000
1682000
1782000
1882000
1982000
2082000
2182000
2282000
2382000
2482000
2582000
2682000
2782000
2882000
2982000
3082000
3182000
192000
292000
392000
492000
592000
692000
792000
892000
992000
1092000
1192000
1292000
1392000
1492000
1592000
1692000
1792000
1892000
1992000
2092000
2192000
2292000
2392000
2492000
2592000
2692000
2792000
2892000
2992000
3092000
3192000
1102000
2102000
3102000
4102000
5102000
6102000
7102000
8102000
9102000
10102000
11102000
12102000
13102000
14102000
15102000
16102000
17102000
18102000
19102000
20102000
21102000
22102000
23102000
24102000
25102000
26102000
27102000
28102000
29102000
30102000
31102000
1112000
2112000
3112000
4112000
5112000
6112000
7112000
8112000
9112000
10112000
11112000
12112000
13112000
14112000
15112000
16112000
17112000
18112000
19112000
20112000
21112000
22112000
23112000
24112000
25112000
26112000
27112000
28112000
29112000
30112000
31112000
1122000
2122000
3122000
4122000
5122000
6122000
7122000
8122000
9122000
10122000
11122000
12122000
13122000
14122000
15122000
16122000
17122000
18122000
19122000
20122000
21122000
22122000
23122000
24122000
25122000
26122000
27122000
28122000
29122000
30122000
31122000
112001
212001
312001
412001
512001
612001
712001
812001
912001
1012001
1112001
1212001
1312001
1412001
1512001
1612001
1712001
1812001
1912001
2012001
2112001
2212001
2312001
2412001
2512001
2612001
2712001
2812001
2912001
3012001
3112001
122001
222001
322001
422001
522001
622001
722001
822001
922001
1022001
1122001
1222001
1322001
1422001
1522001
1622001
1722001
1822001
1922001
2022001
2122001
2222001
2322001
2422001
2522001
2622001
2722001
2822001
2922001
3022001
3122001
132001
232001
332001
432001
532001
632001
732001
832001
932001
1032001
1132001
1232001
1332001
1432001
1532001
1632001
1732001
1832001
1932001
2032001
2132001
2232001
2332001
2432001
2532001
2632001
2732001
2832001
2932001
3032001
3132001
142001
242001
342001
442001
542001
642001
742001
842001
942001
1042001
1142001
1242001
1342001
1442001
1542001
1642001
1742001
1842001
1942001
2042001
2142001
2242001
2342001
2442001
2542001
2642001
2742001
2842001
2942001
3042001
3142001
152001
252001
352001
452001
552001
652001
752001
852001
952001
1052001
1152001
1252001
1352001
1452001
1552001
1652001
1752001
1852001
1952001
2052001
2152001
2252001
2352001
2452001
2552001
2652001
2752001
2852001
2952001
3052001
3152001
162001
262001
362001
462001
562001
662001
762001
862001
962001
1062001
1162001
1262001
1362001
1462001
1562001
1662001
1762001
1862001
1962001
2062001
2162001
2262001
2362001
2462001
2562001
2662001
2762001
2862001
2962001
3062001
3162001
172001
272001
372001
472001
572001
672001
772001
872001
972001
1072001
1172001
1272001
1372001
1472001
1572001
1672001
1772001
1872001
1972001
2072001
2172001
2272001
2372001
2472001
2572001
2672001
2772001
2872001
2972001
3072001
3172001
182001
282001
382001
482001
582001
682001
782001
882001
982001
1082001
1182001
1282001
1382001
1482001
1582001
1682001
1782001
1882001
1982001
2082001
2182001
2282001
2382001
2482001
2582001
2682001
2782001
2882001
2982001
3082001
3182001
192001
292001
392001
492001
592001
692001
792001
892001
992001
1092001
1192001
1292001
1392001
1492001
1592001
1692001
1792001
1892001
1992001
2092001
2192001
2292001
2392001
2492001
2592001
2692001
2792001
2892001
2992001
3092001
3192001
1102001
2102001
3102001
4102001
5102001
6102001
7102001
8102001
9102001
10102001
11102001
12102001
13102001
14102001
15102001
16102001
17102001
18102001
19102001
20102001
21102001
22102001
23102001
24102001
25102001
26102001
27102001
28102001
29102001
30102001
31102001
1112001
2112001
3112001
4112001
5112001
6112001
7112001
8112001
9112001
10112001
11112001
12112001
13112001
14112001
15112001
16112001
17112001
18112001
19112001
20112001
21112001
22112001
23112001
24112001
25112001
26112001
27112001
28112001
29112001
30112001
31112001
1122001
2122001
3122001
4122001
5122001
6122001
7122001
8122001
9122001
10122001
11122001
12122001
13122001
14122001
15122001
16122001
17122001
18122001
19122001
20122001
21122001
22122001
23122001
24122001
25122001
26122001
27122001
28122001
29122001
30122001
31122001
112002
212002
312002
412002
512002
612002
712002
812002
912002
1012002
1112002
1212002
1312002
1412002
1512002
1612002
1712002
1812002
1912002
2012002
2112002
2212002
2312002
2412002
2512002
2612002
2712002
2812002
2912002
3012002
3112002
122002
222002
322002
422002
522002
622002
722002
822002
922002
1022002
1122002
1222002
1322002
1422002
1522002
1622002
1722002
1822002
1922002
2022002
2122002
2222002
2322002
2422002
2522002
2622002
2722002
2822002
2922002
3022002
3122002
132002
232002
332002
432002
532002
632002
732002
832002
932002
1032002
1132002
1232002
1332002
1432002
1532002
1632002
1732002
1832002
1932002
2032002
2132002
2232002
2332002
2432002
2532002
2632002
2732002
2832002
2932002
3032002
3132002
142002
242002
342002
442002
542002
642002
742002
842002
942002
1042002
1142002
1242002
1342002
1442002
1542002
1642002
1742002
1842002
1942002
2042002
2142002
2242002
2342002
2442002
2542002
2642002
2742002
2842002
2942002
3042002
3142002
152002
252002
352002
452002
552002
652002
752002
852002
952002
1052002
1152002
1252002
1352002
1452002
1552002
1652002
1752002
1852002
1952002
2052002
2152002
2252002
2352002
2452002
2552002
2652002
2752002
2852002
2952002
3052002
3152002
162002
262002
362002
462002
562002
662002
762002
862002
962002
1062002
1162002
1262002
1362002
1462002
1562002
1662002
1762002
1862002
1962002
2062002
2162002
2262002
2362002
2462002
2562002
2662002
2762002
2862002
2962002
3062002
3162002
172002
272002
372002
472002
572002
672002
772002
872002
972002
1072002
1172002
1272002
1372002
1472002
1572002
1672002
1772002
1872002
1972002
2072002
2172002
2272002
2372002
2472002
2572002
2672002
2772002
2872002
2972002
3072002
3172002
182002
282002
382002
482002
582002
682002
782002
882002
982002
1082002
1182002
1282002
1382002
1482002
1582002
1682002
1782002
1882002
1982002
2082002
2182002
2282002
2382002
2482002
2582002
2682002
2782002
2882002
2982002
3082002
3182002
192002
292002
392002
492002
592002
692002
792002
892002
992002
1092002
1192002
1292002
1392002
1492002
1592002
1692002
1792002
1892002
1992002
2092002
2192002
2292002
2392002
2492002
2592002
2692002
2792002
2892002
2992002
3092002
3192002
1102002
2102002
3102002
4102002
5102002
6102002
7102002
8102002
9102002
10102002
11102002
12102002
13102002
14102002
15102002
16102002
17102002
18102002
19102002
20102002
21102002
22102002
23102002
24102002
25102002
26102002
27102002
28102002
29102002
30102002
31102002
1112002
2112002
3112002
4112002
5112002
6112002
7112002
8112002
9112002
10112002
11112002
12112002
13112002
14112002
15112002
16112002
17112002
18112002
19112002
20112002
21112002
22112002
23112002
24112002
25112002
26112002
27112002
28112002
29112002
30112002
31112002
1122002
2122002
3122002
4122002
5122002
6122002
7122002
8122002
9122002
10122002
11122002
12122002
13122002
14122002
15122002
16122002
17122002
18122002
19122002
20122002
21122002
22122002
23122002
24122002
25122002
26122002
27122002
28122002
29122002
30122002
31122002
112003
212003
312003
412003
512003
612003
712003
812003
912003
1012003
1112003
1212003
1312003
1412003
1512003
1612003
1712003
1812003
1912003
2012003
2112003
2212003
2312003
2412003
2512003
2612003
2712003
2812003
2912003
3012003
3112003
122003
222003
322003
422003
522003
622003
722003
822003
922003
1022003
1122003
1222003
1322003
1422003
1522003
1622003
1722003
1822003
1922003
2022003
2122003
2222003
2322003
2422003
2522003
2622003
2722003
2822003
2922003
3022003
3122003
132003
232003
332003
432003
532003
632003
732003
832003
932003
1032003
1132003
1232003
1332003
1432003
1532003
1632003
1732003
1832003
1932003
2032003
2132003
2232003
2332003
2432003
2532003
2632003
2732003
2832003
2932003
3032003
3132003
142003
242003
342003
442003
542003
642003
742003
842003
942003
1042003
1142003
1242003
1342003
1442003
1542003
1642003
1742003
1842003
1942003
2042003
2142003
2242003
2342003
2442003
2542003
2642003
2742003
2842003
2942003
3042003
3142003
152003
252003
352003
452003
552003
652003
752003
852003
952003
1052003
1152003
1252003
1352003
1452003
1552003
1652003
1752003
1852003
1952003
2052003
2152003
2252003
2352003
2452003
2552003
2652003
2752003
2852003
2952003
3052003
3152003
162003
262003
362003
462003
562003
662003
762003
862003
962003
1062003
1162003
1262003
1362003
1462003
1562003
1662003
1762003
1862003
1962003
2062003
2162003
2262003
2362003
2462003
2562003
2662003
2762003
2862003
2962003
3062003
3162003
172003
272003
372003
472003
572003
672003
772003
872003
972003
1072003
1172003
1272003
1372003
1472003
1572003
1672003
1772003
1872003
1972003
2072003
2172003
2272003
2372003
2472003
2572003
2672003
2772003
2872003
2972003
3072003
3172003
182003
282003
382003
482003
582003
682003
782003
882003
982003
1082003
1182003
1282003
1382003
1482003
1582003
1682003
1782003
1882003
1982003
2082003
2182003
2282003
2382003
2482003
2582003
2682003
2782003
2882003
2982003
3082003
3182003
192003
292003
392003
492003
592003
692003
792003
892003
992003
1092003
1192003
1292003
1392003
1492003
1592003
1692003
1792003
1892003
1992003
2092003
2192003
2292003
2392003
2492003
2592003
2692003
2792003
2892003
2992003
3092003
3192003
1102003
2102003
3102003
4102003
5102003
6102003
7102003
8102003
9102003
10102003
11102003
12102003
13102003
14102003
15102003
16102003
17102003
18102003
19102003
20102003
21102003
22102003
23102003
24102003
25102003
26102003
27102003
28102003
29102003
30102003
31102003
1112003
2112003
3112003
4112003
5112003
6112003
7112003
8112003
9112003
10112003
11112003
12112003
13112003
14112003
15112003
16112003
17112003
18112003
19112003
20112003
21112003
22112003
23112003
24112003
25112003
26112003
27112003
28112003
29112003
30112003
31112003
1122003
2122003
3122003
4122003
5122003
6122003
7122003
8122003
9122003
10122003
11122003
12122003
13122003
14122003
15122003
16122003
17122003
18122003
19122003
20122003
21122003
22122003
23122003
24122003
25122003
26122003
27122003
28122003
29122003
30122003
31122003
112004
212004
312004
412004
512004
612004
712004
812004
912004
1012004
1112004
1212004
1312004
1412004
1512004
1612004
1712004
1812004
1912004
2012004
2112004
2212004
2312004
2412004
2512004
2612004
2712004
2812004
2912004
3012004
3112004
122004
222004
322004
422004
522004
622004
722004
822004
922004
1022004
1122004
1222004
1322004
1422004
1522004
1622004
1722004
1822004
1922004
2022004
2122004
2222004
2322004
2422004
2522004
2622004
2722004
2822004
2922004
3022004
3122004
132004
232004
332004
432004
532004
632004
732004
832004
932004
1032004
1132004
1232004
1332004
1432004
1532004
1632004
1732004
1832004
1932004
2032004
2132004
2232004
2332004
2432004
2532004
2632004
2732004
2832004
2932004
3032004
3132004
142004
242004
342004
442004
542004
642004
742004
842004
942004
1042004
1142004
1242004
1342004
1442004
1542004
1642004
1742004
1842004
1942004
2042004
2142004
2242004
2342004
2442004
2542004
2642004
2742004
2842004
2942004
3042004
3142004
152004
252004
352004
452004
552004
652004
752004
852004
952004
1052004
1152004
1252004
1352004
1452004
1552004
1652004
1752004
1852004
1952004
2052004
2152004
2252004
2352004
2452004
2552004
2652004
2752004
2852004
2952004
3052004
3152004
162004
262004
362004
462004
562004
662004
762004
862004
962004
1062004
1162004
1262004
1362004
1462004
1562004
1662004
1762004
1862004
1962004
2062004
2162004
2262004
2362004
2462004
2562004
2662004
2762004
2862004
2962004
3062004
3162004
172004
272004
372004
472004
572004
672004
772004
872004
972004
1072004
1172004
1272004
1372004
1472004
1572004
1672004
1772004
1872004
1972004
2072004
2172004
2272004
2372004
2472004
2572004
2672004
2772004
2872004
2972004
3072004
3172004
182004
282004
382004
482004
582004
682004
782004
882004
982004
1082004
1182004
1282004
1382004
1482004
1582004
1682004
1782004
1882004
1982004
2082004
2182004
2282004
2382004
2482004
2582004
2682004
2782004
2882004
2982004
3082004
3182004
192004
292004
392004
492004
592004
692004
792004
892004
992004
1092004
1192004
1292004
1392004
1492004
1592004
1692004
1792004
1892004
1992004
2092004
2192004
2292004
2392004
2492004
2592004
2692004
2792004
2892004
2992004
3092004
3192004
1102004
2102004
3102004
4102004
5102004
6102004
7102004
8102004
9102004
10102004
11102004
12102004
13102004
14102004
15102004
16102004
17102004
18102004
19102004
20102004
21102004
22102004
23102004
24102004
25102004
26102004
27102004
28102004
29102004
30102004
31102004
1112004
2112004
3112004
4112004
5112004
6112004
7112004
8112004
9112004
10112004
11112004
12112004
13112004
14112004
15112004
16112004
17112004
18112004
19112004
20112004
21112004
22112004
23112004
24112004
25112004
26112004
27112004
28112004
29112004
30112004
31112004
1122004
2122004
3122004
4122004
5122004
6122004
7122004
8122004
9122004
10122004
11122004
12122004
13122004
14122004
15122004
16122004
17122004
18122004
19122004
20122004
21122004
22122004
23122004
24122004
25122004
26122004
27122004
28122004
29122004
30122004
31122004
112005
212005
312005
412005
512005
612005
712005
812005
912005
1012005
1112005
1212005
1312005
1412005
1512005
1612005
1712005
1812005
1912005
2012005
2112005
2212005
2312005
2412005
2512005
2612005
2712005
2812005
2912005
3012005
3112005
122005
222005
322005
422005
522005
622005
722005
822005
922005
1022005
1122005
1222005
1322005
1422005
1522005
1622005
1722005
1822005
1922005
2022005
2122005
2222005
2322005
2422005
2522005
2622005
2722005
2822005
2922005
3022005
3122005
132005
232005
332005
432005
532005
632005
732005
832005
932005
1032005
1132005
1232005
1332005
1432005
1532005
1632005
1732005
1832005
1932005
2032005
2132005
2232005
2332005
2432005
2532005
2632005
2732005
2832005
2932005
3032005
3132005
142005
242005
342005
442005
542005
642005
742005
842005
942005
1042005
1142005
1242005
1342005
1442005
1542005
1642005
1742005
1842005
1942005
2042005
2142005
2242005
2342005
2442005
2542005
2642005
2742005
2842005
2942005
3042005
3142005
152005
252005
352005
452005
552005
652005
752005
852005
952005
1052005
1152005
1252005
1352005
1452005
1552005
1652005
1752005
1852005
1952005
2052005
2152005
2252005
2352005
2452005
2552005
2652005
2752005
2852005
2952005
3052005
3152005
162005
262005
362005
462005
562005
662005
762005
862005
962005
1062005
1162005
1262005
1362005
1462005
1562005
1662005
1762005
1862005
1962005
2062005
2162005
2262005
2362005
2462005
2562005
2662005
2762005
2862005
2962005
3062005
3162005
172005
272005
372005
472005
572005
672005
772005
872005
972005
1072005
1172005
1272005
1372005
1472005
1572005
1672005
1772005
1872005
1972005
2072005
2172005
2272005
2372005
2472005
2572005
2672005
2772005
2872005
2972005
3072005
3172005
182005
282005
382005
482005
582005
682005
782005
882005
982005
1082005
1182005
1282005
1382005
1482005
1582005
1682005
1782005
1882005
1982005
2082005
2182005
2282005
2382005
2482005
2582005
2682005
2782005
2882005
2982005
3082005
3182005
192005
292005
392005
492005
592005
692005
792005
892005
992005
1092005
1192005
1292005
1392005
1492005
1592005
1692005
1792005
1892005
1992005
2092005
2192005
2292005
2392005
2492005
2592005
2692005
2792005
2892005
2992005
3092005
3192005
1102005
2102005
3102005
4102005
5102005
6102005
7102005
8102005
9102005
10102005
11102005
12102005
13102005
14102005
15102005
16102005
17102005
18102005
19102005
20102005
21102005
22102005
23102005
24102005
25102005
26102005
27102005
28102005
29102005
30102005
31102005
1112005
2112005
3112005
4112005
5112005
6112005
7112005
8112005
9112005
10112005
11112005
12112005
13112005
14112005
15112005
16112005
17112005
18112005
19112005
20112005
21112005
22112005
23112005
24112005
25112005
26112005
27112005
28112005
29112005
30112005
31112005
1122005
2122005
3122005
4122005
5122005
6122005
7122005
8122005
9122005
10122005
11122005
12122005
13122005
14122005
15122005
16122005
17122005
18122005
19122005
20122005
21122005
22122005
23122005
24122005
25122005
26122005
27122005
28122005
29122005
30122005
31122005
112006
212006
312006
412006
512006
612006
712006
812006
912006
1012006
1112006
1212006
1312006
1412006
1512006
1612006
1712006
1812006
1912006
2012006
2112006
2212006
2312006
2412006
2512006
2612006
2712006
2812006
2912006
3012006
3112006
122006
222006
322006
422006
522006
622006
722006
822006
922006
1022006
1122006
1222006
1322006
1422006
1522006
1622006
1722006
1822006
1922006
2022006
2122006
2222006
2322006
2422006
2522006
2622006
2722006
2822006
2922006
3022006
3122006
132006
232006
332006
432006
532006
632006
732006
832006
932006
1032006
1132006
1232006
1332006
1432006
1532006
1632006
1732006
1832006
1932006
2032006
2132006
2232006
2332006
2432006
2532006
2632006
2732006
2832006
2932006
3032006
3132006
142006
242006
342006
442006
542006
642006
742006
842006
942006
1042006
1142006
1242006
1342006
1442006
1542006
1642006
1742006
1842006
1942006
2042006
2142006
2242006
2342006
2442006
2542006
2642006
2742006
2842006
2942006
3042006
3142006
152006
252006
352006
452006
552006
652006
752006
852006
952006
1052006
1152006
1252006
1352006
1452006
1552006
1652006
1752006
1852006
1952006
2052006
2152006
2252006
2352006
2452006
2552006
2652006
2752006
2852006
2952006
3052006
3152006
162006
262006
362006
462006
562006
662006
762006
862006
962006
1062006
1162006
1262006
1362006
1462006
1562006
1662006
1762006
1862006
1962006
2062006
2162006
2262006
2362006
2462006
2562006
2662006
2762006
2862006
2962006
3062006
3162006
172006
272006
372006
472006
572006
672006
772006
872006
972006
1072006
1172006
1272006
1372006
1472006
1572006
1672006
1772006
1872006
1972006
2072006
2172006
2272006
2372006
2472006
2572006
2672006
2772006
2872006
2972006
3072006
3172006
182006
282006
382006
482006
582006
682006
782006
882006
982006
1082006
1182006
1282006
1382006
1482006
1582006
1682006
1782006
1882006
1982006
2082006
2182006
2282006
2382006
2482006
2582006
2682006
2782006
2882006
2982006
3082006
3182006
192006
292006
392006
492006
592006
692006
792006
892006
992006
1092006
1192006
1292006
1392006
1492006
1592006
1692006
1792006
1892006
1992006
2092006
2192006
2292006
2392006
2492006
2592006
2692006
2792006
2892006
2992006
3092006
3192006
1102006
2102006
3102006
4102006
5102006
6102006
7102006
8102006
9102006
10102006
11102006
12102006
13102006
14102006
15102006
16102006
17102006
18102006
19102006
20102006
21102006
22102006
23102006
24102006
25102006
26102006
27102006
28102006
29102006
30102006
31102006
1112006
2112006
3112006
4112006
5112006
6112006
7112006
8112006
9112006
10112006
11112006
12112006
13112006
14112006
15112006
16112006
17112006
18112006
19112006
20112006
21112006
22112006
23112006
24112006
25112006
26112006
27112006
28112006
29112006
30112006
31112006
1122006
2122006
3122006
4122006
5122006
6122006
7122006
8122006
9122006
10122006
11122006
12122006
13122006
14122006
15122006
16122006
17122006
18122006
19122006
20122006
21122006
22122006
23122006
24122006
25122006
26122006
27122006
28122006
29122006
30122006
31122006
112007
212007
312007
412007
512007
612007
712007
812007
912007
1012007
1112007
1212007
1312007
1412007
1512007
1612007
1712007
1812007
1912007
2012007
2112007
2212007
2312007
2412007
2512007
2612007
2712007
2812007
2912007
3012007
3112007
122007
222007
322007
422007
522007
622007
722007
822007
922007
1022007
1122007
1222007
1322007
1422007
1522007
1622007
1722007
1822007
1922007
2022007
2122007
2222007
2322007
2422007
2522007
2622007
2722007
2822007
2922007
3022007
3122007
132007
232007
332007
432007
532007
632007
732007
832007
932007
1032007
1132007
1232007
1332007
1432007
1532007
1632007
1732007
1832007
1932007
2032007
2132007
2232007
2332007
2432007
2532007
2632007
2732007
2832007
2932007
3032007
3132007
142007
242007
342007
442007
542007
642007
742007
842007
942007
1042007
1142007
1242007
1342007
1442007
1542007
1642007
1742007
1842007
1942007
2042007
2142007
2242007
2342007
2442007
2542007
2642007
2742007
2842007
2942007
3042007
3142007
152007
252007
352007
452007
552007
652007
752007
852007
952007
1052007
1152007
1252007
1352007
1452007
1552007
1652007
1752007
1852007
1952007
2052007
2152007
2252007
2352007
2452007
2552007
2652007
2752007
2852007
2952007
3052007
3152007
162007
262007
362007
462007
562007
662007
762007
862007
962007
1062007
1162007
1262007
1362007
1462007
1562007
1662007
1762007
1862007
1962007
2062007
2162007
2262007
2362007
2462007
2562007
2662007
2762007
2862007
2962007
3062007
3162007
172007
272007
372007
472007
572007
672007
772007
872007
972007
1072007
1172007
1272007
1372007
1472007
1572007
1672007
1772007
1872007
1972007
2072007
2172007
2272007
2372007
2472007
2572007
2672007
2772007
2872007
2972007
3072007
3172007
182007
282007
382007
482007
582007
682007
782007
882007
982007
1082007
1182007
1282007
1382007
1482007
1582007
1682007
1782007
1882007
1982007
2082007
2182007
2282007
2382007
2482007
2582007
2682007
2782007
2882007
2982007
3082007
3182007
192007
292007
392007
492007
592007
692007
792007
892007
992007
1092007
1192007
1292007
1392007
1492007
1592007
1692007
1792007
1892007
1992007
2092007
2192007
2292007
2392007
2492007
2592007
2692007
2792007
2892007
2992007
3092007
3192007
1102007
2102007
3102007
4102007
5102007
6102007
7102007
8102007
9102007
10102007
11102007
12102007
13102007
14102007
15102007
16102007
17102007
18102007
19102007
20102007
21102007
22102007
23102007
24102007
25102007
26102007
27102007
28102007
29102007
30102007
31102007
1112007
2112007
3112007
4112007
5112007
6112007
7112007
8112007
9112007
10112007
11112007
12112007
13112007
14112007
15112007
16112007
17112007
18112007
19112007
20112007
21112007
22112007
23112007
24112007
25112007
26112007
27112007
28112007
29112007
30112007
31112007
1122007
2122007
3122007
4122007
5122007
6122007
7122007
8122007
9122007
10122007
11122007
12122007
13122007
14122007
15122007
16122007
17122007
18122007
19122007
20122007
21122007
22122007
23122007
24122007
25122007
26122007
27122007
28122007
29122007
30122007
31122007
112008
212008
312008
412008
512008
612008
712008
812008
912008
1012008
1112008
1212008
1312008
1412008
1512008
1612008
1712008
1812008
1912008
2012008
2112008
2212008
2312008
2412008
2512008
2612008
2712008
2812008
2912008
3012008
3112008
122008
222008
322008
422008
522008
622008
722008
822008
922008
1022008
1122008
1222008
1322008
1422008
1522008
1622008
1722008
1822008
1922008
2022008
2122008
2222008
2322008
2422008
2522008
2622008
2722008
2822008
2922008
3022008
3122008
132008
232008
332008
432008
532008
632008
732008
832008
932008
1032008
1132008
1232008
1332008
1432008
1532008
1632008
1732008
1832008
1932008
2032008
2132008
2232008
2332008
2432008
2532008
2632008
2732008
2832008
2932008
3032008
3132008
142008
242008
342008
442008
542008
642008
742008
842008
942008
1042008
1142008
1242008
1342008
1442008
1542008
1642008
1742008
1842008
1942008
2042008
2142008
2242008
2342008
2442008
2542008
2642008
2742008
2842008
2942008
3042008
3142008
152008
252008
352008
452008
552008
652008
752008
852008
952008
1052008
1152008
1252008
1352008
1452008
1552008
1652008
1752008
1852008
1952008
2052008
2152008
2252008
2352008
2452008
2552008
2652008
2752008
2852008
2952008
3052008
3152008
162008
262008
362008
462008
562008
662008
762008
862008
962008
1062008
1162008
1262008
1362008
1462008
1562008
1662008
1762008
1862008
1962008
2062008
2162008
2262008
2362008
2462008
2562008
2662008
2762008
2862008
2962008
3062008
3162008
172008
272008
372008
472008
572008
672008
772008
872008
972008
1072008
1172008
1272008
1372008
1472008
1572008
1672008
1772008
1872008
1972008
2072008
2172008
2272008
2372008
2472008
2572008
2672008
2772008
2872008
2972008
3072008
3172008
182008
282008
382008
482008
582008
682008
782008
882008
982008
1082008
1182008
1282008
1382008
1482008
1582008
1682008
1782008
1882008
1982008
2082008
2182008
2282008
2382008
2482008
2582008
2682008
2782008
2882008
2982008
3082008
3182008
192008
292008
392008
492008
592008
692008
792008
892008
992008
1092008
1192008
1292008
1392008
1492008
1592008
1692008
1792008
1892008
1992008
2092008
2192008
2292008
2392008
2492008
2592008
2692008
2792008
2892008
2992008
3092008
3192008
1102008
2102008
3102008
4102008
5102008
6102008
7102008
8102008
9102008
10102008
11102008
12102008
13102008
14102008
15102008
16102008
17102008
18102008
19102008
20102008
21102008
22102008
23102008
24102008
25102008
26102008
27102008
28102008
29102008
30102008
31102008
1112008
2112008
3112008
4112008
5112008
6112008
7112008
8112008
9112008
10112008
11112008
12112008
13112008
14112008
15112008
16112008
17112008
18112008
19112008
20112008
21112008
22112008
23112008
24112008
25112008
26112008
27112008
28112008
29112008
30112008
31112008
1122008
2122008
3122008
4122008
5122008
6122008
7122008
8122008
9122008
10122008
11122008
12122008
13122008
14122008
15122008
16122008
17122008
18122008
19122008
20122008
21122008
22122008
23122008
24122008
25122008
26122008
27122008
28122008
29122008
30122008
31122008
112009
212009
312009
412009
512009
612009
712009
812009
912009
1012009
1112009
1212009
1312009
1412009
1512009
1612009
1712009
1812009
1912009
2012009
2112009
2212009
2312009
2412009
2512009
2612009
2712009
2812009
2912009
3012009
3112009
122009
222009
322009
422009
522009
622009
722009
822009
922009
1022009
1122009
1222009
1322009
1422009
1522009
1622009
1722009
1822009
1922009
2022009
2122009
2222009
2322009
2422009
2522009
2622009
2722009
2822009
2922009
3022009
3122009
132009
232009
332009
432009
532009
632009
732009
832009
932009
1032009
1132009
1232009
1332009
1432009
1532009
1632009
1732009
1832009
1932009
2032009
2132009
2232009
2332009
2432009
2532009
2632009
2732009
2832009
2932009
3032009
3132009
142009
242009
342009
442009
542009
642009
742009
842009
942009
1042009
1142009
1242009
1342009
1442009
1542009
1642009
1742009
1842009
1942009
2042009
2142009
2242009
2342009
2442009
2542009
2642009
2742009
2842009
2942009
3042009
3142009
152009
252009
352009
452009
552009
652009
752009
852009
952009
1052009
1152009
1252009
1352009
1452009
1552009
1652009
1752009
1852009
1952009
2052009
2152009
2252009
2352009
2452009
2552009
2652009
2752009
2852009
2952009
3052009
3152009
162009
262009
362009
462009
562009
662009
762009
862009
962009
1062009
1162009
1262009
1362009
1462009
1562009
1662009
1762009
1862009
1962009
2062009
2162009
2262009
2362009
2462009
2562009
2662009
2762009
2862009
2962009
3062009
3162009
172009
272009
372009
472009
572009
672009
772009
872009
972009
1072009
1172009
1272009
1372009
1472009
1572009
1672009
1772009
1872009
1972009
2072009
2172009
2272009
2372009
2472009
2572009
2672009
2772009
2872009
2972009
3072009
3172009
182009
282009
382009
482009
582009
682009
782009
882009
982009
1082009
1182009
1282009
1382009
1482009
1582009
1682009
1782009
1882009
1982009
2082009
2182009
2282009
2382009
2482009
2582009
2682009
2782009
2882009
2982009
3082009
3182009
192009
292009
392009
492009
592009
692009
792009
892009
992009
1092009
1192009
1292009
1392009
1492009
1592009
1692009
1792009
1892009
1992009
2092009
2192009
2292009
2392009
2492009
2592009
2692009
2792009
2892009
2992009
3092009
3192009
1102009
2102009
3102009
4102009
5102009
6102009
7102009
8102009
9102009
10102009
11102009
12102009
13102009
14102009
15102009
16102009
17102009
18102009
19102009
20102009
21102009
22102009
23102009
24102009
25102009
26102009
27102009
28102009
29102009
30102009
31102009
1112009
2112009
3112009
4112009
5112009
6112009
7112009
8112009
9112009
10112009
11112009
12112009
13112009
14112009
15112009
16112009
17112009
18112009
19112009
20112009
21112009
22112009
23112009
24112009
25112009
26112009
27112009
28112009
29112009
30112009
31112009
1122009
2122009
3122009
4122009
5122009
6122009
7122009
8122009
9122009
10122009
11122009
12122009
13122009
14122009
15122009
16122009
17122009
18122009
19122009
20122009
21122009
22122009
23122009
24122009
25122009
26122009
27122009
28122009
29122009
30122009
31122009
112010
212010
312010
412010
512010
612010
712010
812010
912010
1012010
1112010
1212010
1312010
1412010
1512010
1612010
1712010
1812010
1912010
2012010
2112010
2212010
2312010
2412010
2512010
2612010
2712010
2812010
2912010
3012010
3112010
122010
222010
322010
422010
522010
622010
722010
822010
922010
1022010
1122010
1222010
1322010
1422010
1522010
1622010
1722010
1822010
1922010
2022010
2122010
2222010
2322010
2422010
2522010
2622010
2722010
2822010
2922010
3022010
3122010
132010
232010
332010
432010
532010
632010
732010
832010
932010
1032010
1132010
1232010
1332010
1432010
1532010
1632010
1732010
1832010
1932010
2032010
2132010
2232010
2332010
2432010
2532010
2632010
2732010
2832010
2932010
3032010
3132010
142010
242010
342010
442010
542010
642010
742010
842010
942010
1042010
1142010
1242010
1342010
1442010
1542010
1642010
1742010
1842010
1942010
2042010
2142010
2242010
2342010
2442010
2542010
2642010
2742010
2842010
2942010
3042010
3142010
152010
252010
352010
452010
552010
652010
752010
852010
952010
1052010
1152010
1252010
1352010
1452010
1552010
1652010
1752010
1852010
1952010
2052010
2152010
2252010
2352010
2452010
2552010
2652010
2752010
2852010
2952010
3052010
3152010
162010
262010
362010
462010
562010
662010
762010
862010
962010
1062010
1162010
1262010
1362010
1462010
1562010
1662010
1762010
1862010
1962010
2062010
2162010
2262010
2362010
2462010
2562010
2662010
2762010
2862010
2962010
3062010
3162010
172010
272010
372010
472010
572010
672010
772010
872010
972010
1072010
1172010
1272010
1372010
1472010
1572010
1672010
1772010
1872010
1972010
2072010
2172010
2272010
2372010
2472010
2572010
2672010
2772010
2872010
2972010
3072010
3172010
182010
282010
382010
482010
582010
682010
782010
882010
982010
1082010
1182010
1282010
1382010
1482010
1582010
1682010
1782010
1882010
1982010
2082010
2182010
2282010
2382010
2482010
2582010
2682010
2782010
2882010
2982010
3082010
3182010
192010
292010
392010
492010
592010
692010
792010
892010
992010
1092010
1192010
1292010
1392010
1492010
1592010
1692010
1792010
1892010
1992010
2092010
2192010
2292010
2392010
2492010
2592010
2692010
2792010
2892010
2992010
3092010
3192010
1102010
2102010
3102010
4102010
5102010
6102010
7102010
8102010
9102010
10102010
11102010
12102010
13102010
14102010
15102010
16102010
17102010
18102010
19102010
20102010
21102010
22102010
23102010
24102010
25102010
26102010
27102010
28102010
29102010
30102010
31102010
1112010
2112010
3112010
4112010
5112010
6112010
7112010
8112010
9112010
10112010
11112010
12112010
13112010
14112010
15112010
16112010
17112010
18112010
19112010
20112010
21112010
22112010
23112010
24112010
25112010
26112010
27112010
28112010
29112010
30112010
31112010
1122010
2122010
3122010
4122010
5122010
6122010
7122010
8122010
9122010
10122010
11122010
12122010
13122010
14122010
15122010
16122010
17122010
18122010
19122010
20122010
21122010
22122010
23122010
24122010
25122010
26122010
27122010
28122010
29122010
30122010
31122010
112011
212011
312011
412011
512011
612011
712011
812011
912011
1012011
1112011
1212011
1312011
1412011
1512011
1612011
1712011
1812011
1912011
2012011
2112011
2212011
2312011
2412011
2512011
2612011
2712011
2812011
2912011
3012011
3112011
122011
222011
322011
422011
522011
622011
722011
822011
922011
1022011
1122011
1222011
1322011
1422011
1522011
1622011
1722011
1822011
1922011
2022011
2122011
2222011
2322011
2422011
2522011
2622011
2722011
2822011
2922011
3022011
3122011
132011
232011
332011
432011
532011
632011
732011
832011
932011
1032011
1132011
1232011
1332011
1432011
1532011
1632011
1732011
1832011
1932011
2032011
2132011
2232011
2332011
2432011
2532011
2632011
2732011
2832011
2932011
3032011
3132011
142011
242011
342011
442011
542011
642011
742011
842011
942011
1042011
1142011
1242011
1342011
1442011
1542011
1642011
1742011
1842011
1942011
2042011
2142011
2242011
2342011
2442011
2542011
2642011
2742011
2842011
2942011
3042011
3142011
152011
252011
352011
452011
552011
652011
752011
852011
952011
1052011
1152011
1252011
1352011
1452011
1552011
1652011
1752011
1852011
1952011
2052011
2152011
2252011
2352011
2452011
2552011
2652011
2752011
2852011
2952011
3052011
3152011
162011
262011
362011
462011
562011
662011
762011
862011
962011
1062011
1162011
1262011
1362011
1462011
1562011
1662011
1762011
1862011
1962011
2062011
2162011
2262011
2362011
2462011
2562011
2662011
2762011
2862011
2962011
3062011
3162011
172011
272011
372011
472011
572011
672011
772011
872011
972011
1072011
1172011
1272011
1372011
1472011
1572011
1672011
1772011
1872011
1972011
2072011
2172011
2272011
2372011
2472011
2572011
2672011
2772011
2872011
2972011
3072011
3172011
182011
282011
382011
482011
582011
682011
782011
882011
982011
1082011
1182011
1282011
1382011
1482011
1582011
1682011
1782011
1882011
1982011
2082011
2182011
2282011
2382011
2482011
2582011
2682011
2782011
2882011
2982011
3082011
3182011
192011
292011
392011
492011
592011
692011
792011
892011
992011
1092011
1192011
1292011
1392011
1492011
1592011
1692011
1792011
1892011
1992011
2092011
2192011
2292011
2392011
2492011
2592011
2692011
2792011
2892011
2992011
3092011
3192011
1102011
2102011
3102011
4102011
5102011
6102011
7102011
8102011
9102011
10102011
11102011
12102011
13102011
14102011
15102011
16102011
17102011
18102011
19102011
20102011
21102011
22102011
23102011
24102011
25102011
26102011
27102011
28102011
29102011
30102011
31102011
1112011
2112011
3112011
4112011
5112011
6112011
7112011
8112011
9112011
10112011
11112011
12112011
13112011
14112011
15112011
16112011
17112011
18112011
19112011
20112011
21112011
22112011
23112011
24112011
25112011
26112011
27112011
28112011
29112011
30112011
31112011
1122011
2122011
3122011
4122011
5122011
6122011
7122011
8122011
9122011
10122011
11122011
12122011
13122011
14122011
15122011
16122011
17122011
18122011
19122011
20122011
21122011
22122011
23122011
24122011
25122011
26122011
27122011
28122011
29122011
30122011
31122011
112012
212012
312012
412012
512012
612012
712012
812012
912012
1012012
1112012
1212012
1312012
1412012
1512012
1612012
1712012
1812012
1912012
2012012
2112012
2212012
2312012
2412012
2512012
2612012
2712012
2812012
2912012
3012012
3112012
122012
222012
322012
422012
522012
622012
722012
822012
922012
1022012
1122012
1222012
1322012
1422012
1522012
1622012
1722012
1822012
1922012
2022012
2122012
2222012
2322012
2422012
2522012
2622012
2722012
2822012
2922012
3022012
3122012
132012
232012
332012
432012
532012
632012
732012
832012
932012
1032012
1132012
1232012
1332012
1432012
1532012
1632012
1732012
1832012
1932012
2032012
2132012
2232012
2332012
2432012
2532012
2632012
2732012
2832012
2932012
3032012
3132012
142012
242012
342012
442012
542012
642012
742012
842012
942012
1042012
1142012
1242012
1342012
1442012
1542012
1642012
1742012
1842012
1942012
2042012
2142012
2242012
2342012
2442012
2542012
2642012
2742012
2842012
2942012
3042012
3142012
152012
252012
352012
452012
552012
652012
752012
852012
952012
1052012
1152012
1252012
1352012
1452012
1552012
1652012
1752012
1852012
1952012
2052012
2152012
2252012
2352012
2452012
2552012
2652012
2752012
2852012
2952012
3052012
3152012
162012
262012
362012
462012
562012
662012
762012
862012
962012
1062012
1162012
1262012
1362012
1462012
1562012
1662012
1762012
1862012
1962012
2062012
2162012
2262012
2362012
2462012
2562012
2662012
2762012
2862012
2962012
3062012
3162012
172012
272012
372012
472012
572012
672012
772012
872012
972012
1072012
1172012
1272012
1372012
1472012
1572012
1672012
1772012
1872012
1972012
2072012
2172012
2272012
2372012
2472012
2572012
2672012
2772012
2872012
2972012
3072012
3172012
182012
282012
382012
482012
582012
682012
782012
882012
982012
1082012
1182012
1282012
1382012
1482012
1582012
1682012
1782012
1882012
1982012
2082012
2182012
2282012
2382012
2482012
2582012
2682012
2782012
2882012
2982012
3082012
3182012
192012
292012
392012
492012
592012
692012
792012
892012
992012
1092012
1192012
1292012
1392012
1492012
1592012
1692012
1792012
1892012
1992012
2092012
2192012
2292012
2392012
2492012
2592012
2692012
2792012
2892012
2992012
3092012
3192012
1102012
2102012
3102012
4102012
5102012
6102012
7102012
8102012
9102012
10102012
11102012
12102012
13102012
14102012
15102012
16102012
17102012
18102012
19102012
20102012
21102012
22102012
23102012
24102012
25102012
26102012
27102012
28102012
29102012
30102012
31102012
1112012
2112012
3112012
4112012
5112012
6112012
7112012
8112012
9112012
10112012
11112012
12112012
13112012
14112012
15112012
16112012
17112012
18112012
19112012
20112012
21112012
22112012
23112012
24112012
25112012
26112012
27112012
28112012
29112012
30112012
31112012
1122012
2122012
3122012
4122012
5122012
6122012
7122012
8122012
9122012
10122012
11122012
12122012
13122012
14122012
15122012
16122012
17122012
18122012
19122012
20122012
21122012
22122012
23122012
24122012
25122012
26122012
27122012
28122012
29122012
30122012
31122012
112013
212013
312013
412013
512013
612013
712013
812013
912013
1012013
1112013
1212013
1312013
1412013
1512013
1612013
1712013
1812013
1912013
2012013
2112013
2212013
2312013
2412013
2512013
2612013
2712013
2812013
2912013
3012013
3112013
122013
222013
322013
422013
522013
622013
722013
822013
922013
1022013
1122013
1222013
1322013
1422013
1522013
1622013
1722013
1822013
1922013
2022013
2122013
2222013
2322013
2422013
2522013
2622013
2722013
2822013
2922013
3022013
3122013
132013
232013
332013
432013
532013
632013
732013
832013
932013
1032013
1132013
1232013
1332013
1432013
1532013
1632013
1732013
1832013
1932013
2032013
2132013
2232013
2332013
2432013
2532013
2632013
2732013
2832013
2932013
3032013
3132013
142013
242013
342013
442013
542013
642013
742013
842013
942013
1042013
1142013
1242013
1342013
1442013
1542013
1642013
1742013
1842013
1942013
2042013
2142013
2242013
2342013
2442013
2542013
2642013
2742013
2842013
2942013
3042013
3142013
152013
252013
352013
452013
552013
652013
752013
852013
952013
1052013
1152013
1252013
1352013
1452013
1552013
1652013
1752013
1852013
1952013
2052013
2152013
2252013
2352013
2452013
2552013
2652013
2752013
2852013
2952013
3052013
3152013
162013
262013
362013
462013
562013
662013
762013
862013
962013
1062013
1162013
1262013
1362013
1462013
1562013
1662013
1762013
1862013
1962013
2062013
2162013
2262013
2362013
2462013
2562013
2662013
2762013
2862013
2962013
3062013
3162013
172013
272013
372013
472013
572013
672013
772013
872013
972013
1072013
1172013
1272013
1372013
1472013
1572013
1672013
1772013
1872013
1972013
2072013
2172013
2272013
2372013
2472013
2572013
2672013
2772013
2872013
2972013
3072013
3172013
182013
282013
382013
482013
582013
682013
782013
882013
982013
1082013
1182013
1282013
1382013
1482013
1582013
1682013
1782013
1882013
1982013
2082013
2182013
2282013
2382013
2482013
2582013
2682013
2782013
2882013
2982013
3082013
3182013
192013
292013
392013
492013
592013
692013
792013
892013
992013
1092013
1192013
1292013
1392013
1492013
1592013
1692013
1792013
1892013
1992013
2092013
2192013
2292013
2392013
2492013
2592013
2692013
2792013
2892013
2992013
3092013
3192013
1102013
2102013
3102013
4102013
5102013
6102013
7102013
8102013
9102013
10102013
11102013
12102013
13102013
14102013
15102013
16102013
17102013
18102013
19102013
20102013
21102013
22102013
23102013
24102013
25102013
26102013
27102013
28102013
29102013
30102013
31102013
1112013
2112013
3112013
4112013
5112013
6112013
7112013
8112013
9112013
10112013
11112013
12112013
13112013
14112013
15112013
16112013
17112013
18112013
19112013
20112013
21112013
22112013
23112013
24112013
25112013
26112013
27112013
28112013
29112013
30112013
31112013
1122013
2122013
3122013
4122013
5122013
6122013
7122013
8122013
9122013
10122013
11122013
12122013
13122013
14122013
15122013
16122013
17122013
18122013
19122013
20122013
21122013
22122013
23122013
24122013
25122013
26122013
27122013
28122013
29122013
30122013
31122013
112014
212014
312014
412014
512014
612014
712014
812014
912014
1012014
1112014
1212014
1312014
1412014
1512014
1612014
1712014
1812014
1912014
2012014
2112014
2212014
2312014
2412014
2512014
2612014
2712014
2812014
2912014
3012014
3112014
122014
222014
322014
422014
522014
622014
722014
822014
922014
1022014
1122014
1222014
1322014
1422014
1522014
1622014
1722014
1822014
1922014
2022014
2122014
2222014
2322014
2422014
2522014
2622014
2722014
2822014
2922014
3022014
3122014
132014
232014
332014
432014
532014
632014
732014
832014
932014
1032014
1132014
1232014
1332014
1432014
1532014
1632014
1732014
1832014
1932014
2032014
2132014
2232014
2332014
2432014
2532014
2632014
2732014
2832014
2932014
3032014
3132014
142014
242014
342014
442014
542014
642014
742014
842014
942014
1042014
1142014
1242014
1342014
1442014
1542014
1642014
1742014
1842014
1942014
2042014
2142014
2242014
2342014
2442014
2542014
2642014
2742014
2842014
2942014
3042014
3142014
152014
252014
352014
452014
552014
652014
752014
852014
952014
1052014
1152014
1252014
1352014
1452014
1552014
1652014
1752014
1852014
1952014
2052014
2152014
2252014
2352014
2452014
2552014
2652014
2752014
2852014
2952014
3052014
3152014
162014
262014
362014
462014
562014
662014
762014
862014
962014
1062014
1162014
1262014
1362014
1462014
1562014
1662014
1762014
1862014
1962014
2062014
2162014
2262014
2362014
2462014
2562014
2662014
2762014
2862014
2962014
3062014
3162014
172014
272014
372014
472014
572014
672014
772014
872014
972014
1072014
1172014
1272014
1372014
1472014
1572014
1672014
1772014
1872014
1972014
2072014
2172014
2272014
2372014
2472014
2572014
2672014
2772014
2872014
2972014
3072014
3172014
182014
282014
382014
482014
582014
682014
782014
882014
982014
1082014
1182014
1282014
1382014
1482014
1582014
1682014
1782014
1882014
1982014
2082014
2182014
2282014
2382014
2482014
2582014
2682014
2782014
2882014
2982014
3082014
3182014
192014
292014
392014
492014
592014
692014
792014
892014
992014
1092014
1192014
1292014
1392014
1492014
1592014
1692014
1792014
1892014
1992014
2092014
2192014
2292014
2392014
2492014
2592014
2692014
2792014
2892014
2992014
3092014
3192014
1102014
2102014
3102014
4102014
5102014
6102014
7102014
8102014
9102014
10102014
11102014
12102014
13102014
14102014
15102014
16102014
17102014
18102014
19102014
20102014
21102014
22102014
23102014
24102014
25102014
26102014
27102014
28102014
29102014
30102014
31102014
1112014
2112014
3112014
4112014
5112014
6112014
7112014
8112014
9112014
10112014
11112014
12112014
13112014
14112014
15112014
16112014
17112014
18112014
19112014
20112014
21112014
22112014
23112014
24112014
25112014
26112014
27112014
28112014
29112014
30112014
31112014
1122014
2122014
3122014
4122014
5122014
6122014
7122014
8122014
9122014
10122014
11122014
12122014
13122014
14122014
15122014
16122014
17122014
18122014
19122014
20122014
21122014
22122014
23122014
24122014
25122014
26122014
27122014
28122014
29122014
30122014
31122014
112015
212015
312015
412015
512015
612015
712015
812015
912015
1012015
1112015
1212015
1312015
1412015
1512015
1612015
1712015
1812015
1912015
2012015
2112015
2212015
2312015
2412015
2512015
2612015
2712015
2812015
2912015
3012015
3112015
122015
222015
322015
422015
522015
622015
722015
822015
922015
1022015
1122015
1222015
1322015
1422015
1522015
1622015
1722015
1822015
1922015
2022015
2122015
2222015
2322015
2422015
2522015
2622015
2722015
2822015
2922015
3022015
3122015
132015
232015
332015
432015
532015
632015
732015
832015
932015
1032015
1132015
1232015
1332015
1432015
1532015
1632015
1732015
1832015
1932015
2032015
2132015
2232015
2332015
2432015
2532015
2632015
2732015
2832015
2932015
3032015
3132015
142015
242015
342015
442015
542015
642015
742015
842015
942015
1042015
1142015
1242015
1342015
1442015
1542015
1642015
1742015
1842015
1942015
2042015
2142015
2242015
2342015
2442015
2542015
2642015
2742015
2842015
2942015
3042015
3142015
152015
252015
352015
452015
552015
652015
752015
852015
952015
1052015
1152015
1252015
1352015
1452015
1552015
1652015
1752015
1852015
1952015
2052015
2152015
2252015
2352015
2452015
2552015
2652015
2752015
2852015
2952015
3052015
3152015
162015
262015
362015
462015
562015
662015
762015
862015
962015
1062015
1162015
1262015
1362015
1462015
1562015
1662015
1762015
1862015
1962015
2062015
2162015
2262015
2362015
2462015
2562015
2662015
2762015
2862015
2962015
3062015
3162015
172015
272015
372015
472015
572015
672015
772015
872015
972015
1072015
1172015
1272015
1372015
1472015
1572015
1672015
1772015
1872015
1972015
2072015
2172015
2272015
2372015
2472015
2572015
2672015
2772015
2872015
2972015
3072015
3172015
182015
282015
382015
482015
582015
682015
782015
882015
982015
1082015
1182015
1282015
1382015
1482015
1582015
1682015
1782015
1882015
1982015
2082015
2182015
2282015
2382015
2482015
2582015
2682015
2782015
2882015
2982015
3082015
3182015
192015
292015
392015
492015
592015
692015
792015
892015
992015
1092015
1192015
1292015
1392015
1492015
1592015
1692015
1792015
1892015
1992015
2092015
2192015
2292015
2392015
2492015
2592015
2692015
2792015
2892015
2992015
3092015
3192015
1102015
2102015
3102015
4102015
5102015
6102015
7102015
8102015
9102015
10102015
11102015
12102015
13102015
14102015
15102015
16102015
17102015
18102015
19102015
20102015
21102015
22102015
23102015
24102015
25102015
26102015
27102015
28102015
29102015
30102015
31102015
1112015
2112015
3112015
4112015
5112015
6112015
7112015
8112015
9112015
10112015
11112015
12112015
13112015
14112015
15112015
16112015
17112015
18112015
19112015
20112015
21112015
22112015
23112015
24112015
25112015
26112015
27112015
28112015
29112015
30112015
31112015
1122015
2122015
3122015
4122015
5122015
6122015
7122015
8122015
9122015
10122015
11122015
12122015
13122015
14122015
15122015
16122015
17122015
18122015
19122015
20122015
21122015
22122015
23122015
24122015
25122015
26122015
27122015
28122015
29122015
30122015
31122015
112016
212016
312016
412016
512016
612016
712016
812016
912016
1012016
1112016
1212016
1312016
1412016
1512016
1612016
1712016
1812016
1912016
2012016
2112016
2212016
2312016
2412016
2512016
2612016
2712016
2812016
2912016
3012016
3112016
122016
222016
322016
422016
522016
622016
722016
822016
922016
1022016
1122016
1222016
1322016
1422016
1522016
1622016
1722016
1822016
1922016
2022016
2122016
2222016
2322016
2422016
2522016
2622016
2722016
2822016
2922016
3022016
3122016
132016
232016
332016
432016
532016
632016
732016
832016
932016
1032016
1132016
1232016
1332016
1432016
1532016
1632016
1732016
1832016
1932016
2032016
2132016
2232016
2332016
2432016
2532016
2632016
2732016
2832016
2932016
3032016
3132016
142016
242016
342016
442016
542016
642016
742016
842016
942016
1042016
1142016
1242016
1342016
1442016
1542016
1642016
1742016
1842016
1942016
2042016
2142016
2242016
2342016
2442016
2542016
2642016
2742016
2842016
2942016
3042016
3142016
152016
252016
352016
452016
552016
652016
752016
852016
952016
1052016
1152016
1252016
1352016
1452016
1552016
1652016
1752016
1852016
1952016
2052016
2152016
2252016
2352016
2452016
2552016
2652016
2752016
2852016
2952016
3052016
3152016
162016
262016
362016
462016
562016
662016
762016
862016
962016
1062016
1162016
1262016
1362016
1462016
1562016
1662016
1762016
1862016
1962016
2062016
2162016
2262016
2362016
2462016
2562016
2662016
2762016
2862016
2962016
3062016
3162016
172016
272016
372016
472016
572016
672016
772016
872016
972016
1072016
1172016
1272016
1372016
1472016
1572016
1672016
1772016
1872016
1972016
2072016
2172016
2272016
2372016
2472016
2572016
2672016
2772016
2872016
2972016
3072016
3172016
182016
282016
382016
482016
582016
682016
782016
882016
982016
1082016
1182016
1282016
1382016
1482016
1582016
1682016
1782016
1882016
1982016
2082016
2182016
2282016
2382016
2482016
2582016
2682016
2782016
2882016
2982016
3082016
3182016
192016
292016
392016
492016
592016
692016
792016
892016
992016
1092016
1192016
1292016
1392016
1492016
1592016
1692016
1792016
1892016
1992016
2092016
2192016
2292016
2392016
2492016
2592016
2692016
2792016
2892016
2992016
3092016
3192016
1102016
2102016
3102016
4102016
5102016
6102016
7102016
8102016
9102016
10102016
11102016
12102016
13102016
14102016
15102016
16102016
17102016
18102016
19102016
20102016
21102016
22102016
23102016
24102016
25102016
26102016
27102016
28102016
29102016
30102016
31102016
1112016
2112016
3112016
4112016
5112016
6112016
7112016
8112016
9112016
10112016
11112016
12112016
13112016
14112016
15112016
16112016
17112016
18112016
19112016
20112016
21112016
22112016
23112016
24112016
25112016
26112016
27112016
28112016
29112016
30112016
31112016
1122016
2122016
3122016
4122016
5122016
6122016
7122016
8122016
9122016
10122016
11122016
12122016
13122016
14122016
15122016
16122016
17122016
18122016
19122016
20122016
21122016
22122016
23122016
24122016
25122016
26122016
27122016
28122016
29122016
30122016
31122016
112017
212017
312017
412017
512017
612017
712017
812017
912017
1012017
1112017
1212017
1312017
1412017
1512017
1612017
1712017
1812017
1912017
2012017
2112017
2212017
2312017
2412017
2512017
2612017
2712017
2812017
2912017
3012017
3112017
122017
222017
322017
422017
522017
622017
722017
822017
922017
1022017
1122017
1222017
1322017
1422017
1522017
1622017
1722017
1822017
1922017
2022017
2122017
2222017
2322017
2422017
2522017
2622017
2722017
2822017
2922017
3022017
3122017
132017
232017
332017
432017
532017
632017
732017
832017
932017
1032017
1132017
1232017
1332017
1432017
1532017
1632017
1732017
1832017
1932017
2032017
2132017
2232017
2332017
2432017
2532017
2632017
2732017
2832017
2932017
3032017
3132017
142017
242017
342017
442017
542017
642017
742017
842017
942017
1042017
1142017
1242017
1342017
1442017
1542017
1642017
1742017
1842017
1942017
2042017
2142017
2242017
2342017
2442017
2542017
2642017
2742017
2842017
2942017
3042017
3142017
152017
252017
352017
452017
552017
652017
752017
852017
952017
1052017
1152017
1252017
1352017
1452017
1552017
1652017
1752017
1852017
1952017
2052017
2152017
2252017
2352017
2452017
2552017
2652017
2752017
2852017
2952017
3052017
3152017
162017
262017
362017
462017
562017
662017
762017
862017
962017
1062017
1162017
1262017
1362017
1462017
1562017
1662017
1762017
1862017
1962017
2062017
2162017
2262017
2362017
2462017
2562017
2662017
2762017
2862017
2962017
3062017
3162017
172017
272017
372017
472017
572017
672017
772017
872017
972017
1072017
1172017
1272017
1372017
1472017
1572017
1672017
1772017
1872017
1972017
2072017
2172017
2272017
2372017
2472017
2572017
2672017
2772017
2872017
2972017
3072017
3172017
182017
282017
382017
482017
582017
682017
782017
882017
982017
1082017
1182017
1282017
1382017
1482017
1582017
1682017
1782017
1882017
1982017
2082017
2182017
2282017
2382017
2482017
2582017
2682017
2782017
2882017
2982017
3082017
3182017
192017
292017
392017
492017
592017
692017
792017
892017
992017
1092017
1192017
1292017
1392017
1492017
1592017
1692017
1792017
1892017
1992017
2092017
2192017
2292017
2392017
2492017
2592017
2692017
2792017
2892017
2992017
3092017
3192017
1102017
2102017
3102017
4102017
5102017
6102017
7102017
8102017
9102017
10102017
11102017
12102017
13102017
14102017
15102017
16102017
17102017
18102017
19102017
20102017
21102017
22102017
23102017
24102017
25102017
26102017
27102017
28102017
29102017
30102017
31102017
1112017
2112017
3112017
4112017
5112017
6112017
7112017
8112017
9112017
10112017
11112017
12112017
13112017
14112017
15112017
16112017
17112017
18112017
19112017
20112017
21112017
22112017
23112017
24112017
25112017
26112017
27112017
28112017
29112017
30112017
31112017
1122017
2122017
3122017
4122017
5122017
6122017
7122017
8122017
9122017
10122017
11122017
12122017
13122017
14122017
15122017
16122017
17122017
18122017
19122017
20122017
21122017
22122017
23122017
24122017
25122017
26122017
27122017
28122017
29122017
30122017
31122017
112018
212018
312018
412018
512018
612018
712018
812018
912018
1012018
1112018
1212018
1312018
1412018
1512018
1612018
1712018
1812018
1912018
2012018
2112018
2212018
2312018
2412018
2512018
2612018
2712018
2812018
2912018
3012018
3112018
122018
222018
322018
422018
522018
622018
722018
822018
922018
1022018
1122018
1222018
1322018
1422018
1522018
1622018
1722018
1822018
1922018
2022018
2122018
2222018
2322018
2422018
2522018
2622018
2722018
2822018
2922018
3022018
3122018
132018
232018
332018
432018
532018
632018
732018
832018
932018
1032018
1132018
1232018
1332018
1432018
1532018
1632018
1732018
1832018
1932018
2032018
2132018
2232018
2332018
2432018
2532018
2632018
2732018
2832018
2932018
3032018
3132018
142018
242018
342018
442018
542018
642018
742018
842018
942018
1042018
1142018
1242018
1342018
1442018
1542018
1642018
1742018
1842018
1942018
2042018
2142018
2242018
2342018
2442018
2542018
2642018
2742018
2842018
2942018
3042018
3142018
152018
252018
352018
452018
552018
652018
752018
852018
952018
1052018
1152018
1252018
1352018
1452018
1552018
1652018
1752018
1852018
1952018
2052018
2152018
2252018
2352018
2452018
2552018
2652018
2752018
2852018
2952018
3052018
3152018
162018
262018
362018
462018
562018
662018
762018
862018
962018
1062018
1162018
1262018
1362018
1462018
1562018
1662018
1762018
1862018
1962018
2062018
2162018
2262018
2362018
2462018
2562018
2662018
2762018
2862018
2962018
3062018
3162018
172018
272018
372018
472018
572018
672018
772018
872018
972018
1072018
1172018
1272018
1372018
1472018
1572018
1672018
1772018
1872018
1972018
2072018
2172018
2272018
2372018
2472018
2572018
2672018
2772018
2872018
2972018
3072018
3172018
182018
282018
382018
482018
582018
682018
782018
882018
982018
1082018
1182018
1282018
1382018
1482018
1582018
1682018
1782018
1882018
1982018
2082018
2182018
2282018
2382018
2482018
2582018
2682018
2782018
2882018
2982018
3082018
3182018
192018
292018
392018
492018
592018
692018
792018
892018
992018
1092018
1192018
1292018
1392018
1492018
1592018
1692018
1792018
1892018
1992018
2092018
2192018
2292018
2392018
2492018
2592018
2692018
2792018
2892018
2992018
3092018
3192018
1102018
2102018
3102018
4102018
5102018
6102018
7102018
8102018
9102018
10102018
11102018
12102018
13102018
14102018
15102018
16102018
17102018
18102018
19102018
20102018
21102018
22102018
23102018
24102018
25102018
26102018
27102018
28102018
29102018
30102018
31102018
1112018
2112018
3112018
4112018
5112018
6112018
7112018
8112018
9112018
10112018
11112018
12112018
13112018
14112018
15112018
16112018
17112018
18112018
19112018
20112018
21112018
22112018
23112018
24112018
25112018
26112018
27112018
28112018
29112018
30112018
31112018
1122018
2122018
3122018
4122018
5122018
6122018
7122018
8122018
9122018
10122018
11122018
12122018
13122018
14122018
15122018
16122018
17122018
18122018
19122018
20122018
21122018
22122018
23122018
24122018
25122018
26122018
27122018
28122018
29122018
30122018
31122018
112019
212019
312019
412019
512019
612019
712019
812019
912019
1012019
1112019
1212019
1312019
1412019
1512019
1612019
1712019
1812019
1912019
2012019
2112019
2212019
2312019
2412019
2512019
2612019
2712019
2812019
2912019
3012019
3112019
122019
222019
322019
422019
522019
622019
722019
822019
922019
1022019
1122019
1222019
1322019
1422019
1522019
1622019
1722019
1822019
1922019
2022019
2122019
2222019
2322019
2422019
2522019
2622019
2722019
2822019
2922019
3022019
3122019
132019
232019
332019
432019
532019
632019
732019
832019
932019
1032019
1132019
1232019
1332019
1432019
1532019
1632019
1732019
1832019
1932019
2032019
2132019
2232019
2332019
2432019
2532019
2632019
2732019
2832019
2932019
3032019
3132019
142019
242019
342019
442019
542019
642019
742019
842019
942019
1042019
1142019
1242019
1342019
1442019
1542019
1642019
1742019
1842019
1942019
2042019
2142019
2242019
2342019
2442019
2542019
2642019
2742019
2842019
2942019
3042019
3142019
152019
252019
352019
452019
552019
652019
752019
852019
952019
1052019
1152019
1252019
1352019
1452019
1552019
1652019
1752019
1852019
1952019
2052019
2152019
2252019
2352019
2452019
2552019
2652019
2752019
2852019
2952019
3052019
3152019
162019
262019
362019
462019
562019
662019
762019
862019
962019
1062019
1162019
1262019
1362019
1462019
1562019
1662019
1762019
1862019
1962019
2062019
2162019
2262019
2362019
2462019
2562019
2662019
2762019
2862019
2962019
3062019
3162019
172019
272019
372019
472019
572019
672019
772019
872019
972019
1072019
1172019
1272019
1372019
1472019
1572019
1672019
1772019
1872019
1972019
2072019
2172019
2272019
2372019
2472019
2572019
2672019
2772019
2872019
2972019
3072019
3172019
182019
282019
382019
482019
582019
682019
782019
882019
982019
1082019
1182019
1282019
1382019
1482019
1582019
1682019
1782019
1882019
1982019
2082019
2182019
2282019
2382019
2482019
2582019
2682019
2782019
2882019
2982019
3082019
3182019
192019
292019
392019
492019
592019
692019
792019
892019
992019
1092019
1192019
1292019
1392019
1492019
1592019
1692019
1792019
1892019
1992019
2092019
2192019
2292019
2392019
2492019
2592019
2692019
2792019
2892019
2992019
3092019
3192019
1102019
2102019
3102019
4102019
5102019
6102019
7102019
8102019
9102019
10102019
11102019
12102019
13102019
14102019
15102019
16102019
17102019
18102019
19102019
20102019
21102019
22102019
23102019
24102019
25102019
26102019
27102019
28102019
29102019
30102019
31102019
1112019
2112019
3112019
4112019
5112019
6112019
7112019
8112019
9112019
10112019
11112019
12112019
13112019
14112019
15112019
16112019
17112019
18112019
19112019
20112019
21112019
22112019
23112019
24112019
25112019
26112019
27112019
28112019
29112019
30112019
31112019
1122019
2122019
3122019
4122019
5122019
6122019
7122019
8122019
9122019
10122019
11122019
12122019
13122019
14122019
15122019
16122019
17122019
18122019
19122019
20122019
21122019
22122019
23122019
24122019
25122019
26122019
27122019
28122019
29122019
30122019
31122019
112020
212020
312020
412020
512020
612020
712020
812020
912020
1012020
1112020
1212020
1312020
1412020
1512020
1612020
1712020
1812020
1912020
2012020
2112020
2212020
2312020
2412020
2512020
2612020
2712020
2812020
2912020
3012020
3112020
122020
222020
322020
422020
522020
622020
722020
822020
922020
1022020
1122020
1222020
1322020
1422020
1522020
1622020
1722020
1822020
1922020
2022020
2122020
2222020
2322020
2422020
2522020
2622020
2722020
2822020
2922020
3022020
3122020
132020
232020
332020
432020
532020
632020
732020
832020
932020
1032020
1132020
1232020
1332020
1432020
1532020
1632020
1732020
1832020
1932020
2032020
2132020
2232020
2332020
2432020
2532020
2632020
2732020
2832020
2932020
3032020
3132020
142020
242020
342020
442020
542020
642020
742020
842020
942020
1042020
1142020
1242020
1342020
1442020
1542020
1642020
1742020
1842020
1942020
2042020
2142020
2242020
2342020
2442020
2542020
2642020
2742020
2842020
2942020
3042020
3142020
152020
252020
352020
452020
552020
652020
752020
852020
952020
1052020
1152020
1252020
1352020
1452020
1552020
1652020
1752020
1852020
1952020
2052020
2152020
2252020
2352020
2452020
2552020
2652020
2752020
2852020
2952020
3052020
3152020
162020
262020
362020
462020
562020
662020
762020
862020
962020
1062020
1162020
1262020
1362020
1462020
1562020
1662020
1762020
1862020
1962020
2062020
2162020
2262020
2362020
2462020
2562020
2662020
2762020
2862020
2962020
3062020
3162020
172020
272020
372020
472020
572020
672020
772020
872020
972020
1072020
1172020
1272020
1372020
1472020
1572020
1672020
1772020
1872020
1972020
2072020
2172020
2272020
2372020
2472020
2572020
2672020
2772020
2872020
2972020
3072020
3172020
182020
282020
382020
482020
582020
682020
782020
882020
982020
1082020
1182020
1282020
1382020
1482020
1582020
1682020
1782020
1882020
1982020
2082020
2182020
2282020
2382020
2482020
2582020
2682020
2782020
2882020
2982020
3082020
3182020
192020
292020
392020
492020
592020
692020
792020
892020
992020
1092020
1192020
1292020
1392020
1492020
1592020
1692020
1792020
1892020
1992020
2092020
2192020
2292020
2392020
2492020
2592020
2692020
2792020
2892020
2992020
3092020
3192020
1102020
2102020
3102020
4102020
5102020
6102020
7102020
8102020
9102020
10102020
11102020
12102020
13102020
14102020
15102020
16102020
17102020
18102020
19102020
20102020
21102020
22102020
23102020
24102020
25102020
26102020
27102020
28102020
29102020
30102020
31102020
1112020
2112020
3112020
4112020
5112020
6112020
7112020
8112020
9112020
10112020
11112020
12112020
13112020
14112020
15112020
16112020
17112020
18112020
19112020
20112020
21112020
22112020
23112020
24112020
25112020
26112020
27112020
28112020
29112020
30112020
31112020
1122020
2122020
3122020
4122020
5122020
6122020
7122020
8122020
9122020
10122020
11122020
12122020
13122020
14122020
15122020
16122020
17122020
18122020
19122020
20122020
21122020
22122020
23122020
24122020
25122020
26122020
27122020
28122020
29122020
30122020
31122020
